
% frame   1000
% time 100.000
% report fiber:cluster_fiber_position
%  cluster nb_fibers  fiber_id      posX      posY      dirX      dirY
         5        69         5    -2.108    -0.550    -0.806     0.592
         5        69         6    -2.172    -0.501     0.779    -0.627
         5        69         8    -2.218    -0.465     0.805    -0.593
         5        69        14    -2.035    -0.607    -0.797     0.604
         5        69        16    -1.941    -0.669    -0.826     0.564
         5        69        18    -1.943    -0.670    -0.805     0.593
         5        69        19    -1.871    -0.664    -0.990     0.140
         5        69        20    -2.294    -0.398     0.754    -0.656
         5        69        24    -2.052    -0.605    -0.664     0.748
         5        69        28    -2.331    -0.393     0.864    -0.503
         5        69        32    -2.358    -0.293     0.523    -0.853
         5        69        35    -2.119    -0.526    -0.669     0.744
         5        69        36    -2.224    -0.474     0.854    -0.520
         5        69        37    -2.093    -0.560     0.783    -0.623
         5        69        39    -2.204    -0.479     0.799    -0.601
         5        69        42    -2.007    -0.634    -0.765     0.644
         5        69        45    -2.227    -0.462     0.818    -0.575
         5        69        47    -2.095    -0.559    -0.791     0.611
         5        69        48    -2.378    -0.354     0.717    -0.697
         5        69        49    -2.274    -0.417    -0.768     0.640
         5        69        54    -2.324    -0.345     0.568    -0.823
         5        69        55    -2.388    -0.416     1.000     0.007
         5        69        58    -2.236    -0.454     0.792    -0.610
         5        69        63    -2.148    -0.521    -0.808     0.590
         5        69        64    -1.918    -0.601    -0.960    -0.279
         5        69        65    -2.190    -0.489     0.803    -0.596
         5        69        67    -2.061    -0.587    -0.753     0.658
         5        69        68    -2.273    -0.424     0.785    -0.619
         5        69        69    -2.090    -0.567    -0.774     0.633
         5        69        72    -2.248    -0.201    -0.026    -1.000
         5        69        74    -1.928    -0.652    -0.929     0.370
         5        69        79    -2.157    -0.265    -0.720     0.694
         5        69        84    -2.274    -0.425     0.776    -0.631
         5        69        88    -2.082    -0.569    -0.818     0.576
         5        69        90    -1.863    -0.662    -0.808     0.589
         5        69        92    -2.059    -0.600    -0.651     0.759
         5        69        93    -2.100    -0.552    -0.841     0.541
         5        69        95    -2.221    -0.468     0.806    -0.592
         5        69       105    -2.235    -0.310    -0.580    -0.815
         5        69       108    -1.952    -0.690    -0.734     0.680
         5        69       111    -2.203    -0.482     0.850    -0.527
         5        69       115    -2.211    -0.474     0.821    -0.571
         5        69       117    -2.077    -0.567    -0.872     0.489
         5        69       118    -2.350    -0.334     0.652    -0.758
         5        69       119    -2.206    -0.483    -0.773     0.634
         5        69       120    -1.979    -0.644    -0.817     0.576
         5        69       122    -2.020    -0.746     0.024     1.000
         5        69       123    -1.909    -0.675    -0.880     0.474
         5        69       130    -2.063    -0.591     0.734    -0.680
         5        69       132    -2.202    -0.478     0.834    -0.552
         5        69       135    -2.078    -0.574     0.847    -0.532
         5        69       137    -2.310    -0.361     0.527    -0.850
         5        69       138    -2.277    -0.412    -0.686     0.728
         5        69       143    -2.231    -0.460     0.714    -0.700
         5        69       145    -2.062    -0.587    -0.771     0.637
         5        69       146    -2.308    -0.377     0.665    -0.747
         5        69       149    -2.160    -0.520    -0.763     0.646
         5        69       164    -2.148    -0.518    -0.822     0.570
         5        69       165    -2.079    -0.578    -0.731     0.682
         5        69       171    -2.013    -0.615    -0.845     0.535
         5        69       177    -2.143    -0.523     0.799    -0.602
         5        69       182    -1.948    -0.650    -0.894     0.448
         5        69       184    -2.366    -0.253     0.123    -0.992
         5        69       194    -2.273    -0.403     0.568    -0.823
         5        69       195    -2.082    -0.566    -0.815     0.579
         5        69       196    -2.388    -0.252     0.586    -0.811
         5        69       197    -2.181    -0.496    -0.814     0.580
         5        69       198    -2.125    -0.536     0.814    -0.581
         5        69       200    -2.297    -0.402     0.765    -0.643
        11         3        11    -1.836    -1.547    -0.059     0.998
        11         3        70    -1.973    -1.637     0.976    -0.216
        11         3       110    -1.931    -1.660     0.803     0.596
        38         3        38     2.502    -0.552    -0.066    -0.998
        38         3       133     2.491    -0.614     0.323     0.946
        38         3       172     2.496    -0.540     0.024    -1.000
        40         3        40     0.573     1.116     0.995     0.101
        40         3        77     0.458     1.178     0.761    -0.649
        40         3       160     0.543     1.162    -0.458    -0.889
        29         2        29     0.970    -2.463    -1.000    -0.015
        29         2        46     0.877    -2.487    -0.995     0.096
        30         2        30     2.517    -0.001     0.750    -0.661
        30         2       109     2.419     0.111     0.598    -0.801
        56         2        56    -2.467     1.419     0.533     0.846
        56         2        96    -2.494     1.430     0.069     0.998
        62         2        62     0.525     2.349     0.935     0.355
        62         2       142     0.594     2.352    -0.888    -0.459
% end
