
% frame   1000
% time 100.000
% report couple:link_cluster
%    class  identity    fiber1 abscissa1     pos1X     pos1Y dirFiber1X dirFiber1Y    fiber2 abscissa2     pos2X     pos2Y dirFiber2X dirFiber2Y     force cos_angle   cluster
         1       179        92 0.23365395 -1.62369091 0.32931448 0.91006422 0.41446674       141 0.21723692 -1.61757481 0.33000626 -0.99999762 0.00150025 0.01323346 -0.90944025         1
         1       331        46 0.22875509 -1.64393059 0.33447736 0.99781752 0.06603563        70 0.22903822 -1.63528013 0.32448093 -0.93279076 -0.36041880 0.02842224 -0.95455544         1
         1       247       176 0.21578263 2.37134316 2.17500127 0.67360783 0.73908806        85 0.18105400 2.37917862 2.16363632 -0.77008438 -0.63794231 0.02967906 -0.99023041         2
         1       809       196 0.21110263 -1.61987116 0.34438943 -0.98209620 -0.18837404         4 0.16383487 -1.62605389 0.33215292 -0.99096966 -0.13408542 0.02947605 0.99848574         1
         1       664        76 0.21620110 2.35361000 2.12202579 0.85139465 -0.52452564       176 0.16998290 2.34049210 2.14115123 0.67360783 0.73908806 0.04986247 0.18583546         2
         1       998       137 0.20090444 -1.66389417 0.31263531 0.99931669 -0.03697121        92 0.16049466 -1.69026009 0.29896949 0.90836620 0.41817641 0.06384871 0.89228502         1
         1       855        15 0.19281976 2.36115520 2.19254610 -0.92524910 0.37936306       176 0.20538871 2.36434174 2.16731925 0.67360783 0.73908806 0.05466871 -0.34287233         2
         1       857        96 0.13874646 -1.65705210 0.32940480 0.94897699 0.31534517       104 0.19339344 -1.66268448 0.32816032 -0.70417500 0.71002686 0.01240168 -0.44434233         1
         1       625       141 0.15801848 -1.55835656 0.32989728 -0.99999332 0.00382912        43 0.16042803 -1.57175439 0.33917733 -0.91061354 -0.41326153 0.03504046 0.90902503         1
         1       208        40 0.07218029 -1.68639078 0.32914870 0.03612900 -0.99934709        46 0.21616592 -1.65649229 0.33364602 0.99781752 0.06603563 0.06500491 -0.02994237         1
         1       678       166 0.16835748 -1.58471795 0.32926800 -0.99895191 0.04576957         4 0.12596491 -1.58852591 0.33723073 -0.99096966 -0.13408542 0.01897680 0.98379400         1
         1       148       159 0.17156914 2.30145500 2.17150569 0.67919540 -0.73395824       114 0.17103341 2.29267372 2.16896463 0.90014362 -0.43558788 0.01965434 0.93107673         2
         1       850        26 0.11059286 -1.09958012 -0.03518578 -0.83384371 0.55199930       170 0.05650115 -1.10672587 -0.01666392 -0.74251842 -0.66982656 0.04268283 0.24940053         6
         1       784       114 0.16550077 2.28769389 2.17137529 0.89984894 -0.43620300       159 0.16693194 2.29830544 2.17490920 0.67919540 -0.73395824 0.02404672 0.93132805         2
         1       745       182 0.23606519 -0.06562689 -1.25824386 0.54740386 0.83686781       122 0.18779831 -0.02762364 -1.18774174 -0.40759443 -0.91316271 0.17219871 -0.98731524        22
         1       544       131 0.23270914 1.89239682 -0.06781671 0.40626955 0.91375297       178 0.21616173 1.86988889 -0.08895993 0.33402872 0.94256334 0.06639437 0.99697575         4
         1       805        24 0.10664934 -1.76608262 0.34134750 0.98156548 -0.19112492         5 0.18875860 -1.75135700 0.33904885 0.94854927 -0.31663156 0.03204348 0.99157940         1
         1       302       104 0.15134014 -1.63309688 0.29827634 -0.70252562 0.71165872        92 0.24611740 -1.61234837 0.33448016 0.91006422 0.41446674 0.08971497 -0.34438456         1
         1       448        68 0.18022734 2.32541383 2.15855786 0.18074799 0.98353100       159 0.24192037 2.34923723 2.11987083 0.67919540 -0.73395824 0.09768293 -0.59910748         2
         1       577       110 0.20556766 -1.72661027 2.29154417 0.76530504 0.64367008        30 0.20671475 -1.73200561 2.30787600 -0.20330286 -0.97911358 0.03697990 -0.78581482         3
         1       153       110 0.17708158 -1.74841080 2.27320854 0.76530504 0.64367008        71 0.13893896 -1.72824400 2.28428849 0.01564693 -0.99987888 0.04947174 -0.63161745         3
         1        43       176 0.10964268 2.29981122 2.09658647 0.67422581 0.73852730        68 0.10708941 2.31221236 2.08662120 0.18044472 0.98358536 0.03420426 0.84806512         2
         1        77        86 0.19794229 2.33951148 2.15117413 0.92815876 -0.37219048       159 0.24049532 2.34826935 2.12091675 0.67919540 -0.73395824 0.06772361 0.90357343         2
         1       852       101 0.16246986 -1.80340979 2.53991593 -0.94182301 0.33611012       180 0.08695848 -1.79702444 2.52630552 -0.99265480 -0.12098980 0.03232274 0.89423923         3
         1       298       117 0.19899352 2.33441672 2.15442889 0.94630623 0.32326984        75 0.21828429 2.33704397 2.14903668 0.83493233 -0.55035496 0.01289613 0.61218850         2
         1       930        65 0.13125224 -1.67683508 2.24720356 -1.00000048 -0.00010014        35 0.24775992 -1.67197819 2.24754200 0.84761524 -0.53061104 0.01046762 -0.84756251         3
         1       504        78 0.13120763 -0.91526423 -0.21753686 -0.15137458 -0.98847663        36 0.11898728 -0.92224028 -0.18722585 -0.73516631 -0.67788649 0.06687234 0.78136044        12
         1       495        24 0.19995458 -1.67451017 0.32344930 0.98118210 -0.19308472        42 0.21408889 -1.65047703 0.33474295 -0.54729080 -0.83694255 0.05709205 -0.37539112         1
         1       232        71 0.16584049 -1.72782307 2.25739022 0.01564693 -0.99987888        65 0.18181397 -1.72739678 2.24716274 -0.99999762 -0.00246048 0.02200816 -0.01318672         3
         1        11        79 0.22172871 -1.63145806 0.29288771 -0.41068983 0.91177493       113 0.22202118 -1.62773580 0.32492633 0.99092531 -0.13441265 0.06934637 -0.52951703         1
         1       342       104 0.19517855 -1.66394151 0.32942780 -0.70417500 0.71002686       166 0.21874014 -1.63504780 0.33157399 -0.99895191 0.04576957 0.06229261 0.73593458         1
         1       523       188 0.14802511 0.88907970 -1.82622476 -0.81155062 -0.58428383       183 0.18899409 0.89521998 -1.82040539 0.29863930 -0.95436716 0.01818855 0.31526039         5
         1       788        35 0.24944736 -1.67054790 2.24664662 0.84761524 -0.53061104       198 0.18784085 -1.69391904 2.27507782 0.64849091 -0.76122379 0.07912885 0.95358452         3
         1       799        24 0.24917395 -1.62621701 0.31394579 0.98118210 -0.19308472        79 0.22729065 -1.63374229 0.29795894 -0.41068983 0.91177493 0.03798932 -0.57901131         1
         1       233       144 0.24421772 -1.62973318 0.32990801 -0.99226856 0.12411046       179 0.24530314 -1.72451790 0.33520794 -0.99855852 -0.05366671 0.20410548 0.98417763         1
         1       321        79 0.20987324 -1.62658914 0.28207819 -0.41068983 0.91177493       137 0.24180636 -1.62302021 0.31112312 0.99931669 -0.03697121 0.06291626 -0.44411863         1
         1       838        60 0.10090385 -0.02876814 2.30207281 -0.46471629 -0.88545799       191 0.24939638 -0.05519126 2.29225783 0.10837877 0.99410820 0.06060237 -0.93060643        18
         1       596        46 0.21349749 -1.65915489 0.33346981 0.99781752 0.06603563        40 0.07731401 -1.68620530 0.32401833 0.03612900 -0.99934709 0.06160624 -0.02994237         1
         1       973        95 0.11082978 -1.62107342 0.34548040 0.74001932 0.67258608       103 0.16388354 -1.58336379 0.34010140 0.58326101 -0.81228518 0.08189637 -0.11470729         1
         1       509        79 0.24131359 -1.63950137 0.31074471 -0.41068983 0.91177493       113 0.21255435 -1.63711671 0.32619879 0.99092531 -0.13441265 0.03361951 -0.52951703         1
         1       837        24 0.21693502 -1.65784927 0.32017064 0.98118210 -0.19308472        70 0.24362093 -1.64888274 0.31922505 -0.93279076 -0.36041880 0.01938493 -0.84564623         1
         1       358        19 0.23667748 -1.66434765 0.31235555 0.91684341 -0.39924467        92 0.19303016 -1.66066116 0.31247727 0.91006422 0.41446674 0.00793026 0.66891275         1
         1       963        43 0.23752536 -1.64202807 0.30746617 -0.91157055 -0.41114187        79 0.21259457 -1.62770676 0.28455942 -0.41068983 0.91177493 0.05808259 -0.00049610         1
         1       829        92 0.17538542 -1.67671902 0.30516411 0.91006422 0.41446674        96 0.12282191 -1.67216413 0.32438307 0.94897699 0.31534517 0.04246538 0.99433009         1
         1       175       144 0.20351064 -1.58934082 0.32485584 -0.99226856 0.12411046       113 0.17683327 -1.67251363 0.33100015 0.99092531 -0.13441265 0.17930884 -0.99994605         1
         1       870        35 0.15140459 -1.75366389 2.29864772 0.84849644 -0.52920341        30 0.21016046 -1.73270613 2.30450225 -0.20330286 -0.97911358 0.04678428 0.34564850         3
         1       966       113 0.22237168 -1.62738847 0.32487922 0.99092531 -0.13441265        79 0.21178463 -1.62737413 0.28382094 -0.41068983 0.91177493 0.08827529 -0.52951703         1
         1       477        96 0.14037053 -1.65551089 0.32991694 0.94897699 0.31534517        79 0.19897246 -1.62211230 0.27213913 -0.41068983 0.91177493 0.14348317 -0.10221138         1
         1       164       198 0.17318259 -1.70342479 2.28623603 0.64849091 -0.76122379        72 0.20684022 -1.71607091 2.22209510 -0.17303896 0.98491573 0.14055777 -0.86195548         3
         1       322        40 0.13151933 -1.68427380 0.26984744 0.03557110 -0.99936712        46 0.13240370 -1.74008340 0.32829964 0.99815941 0.06063902 0.17375634 -0.02509502         1
         1       386        70 0.24395457 -1.64919396 0.31910480 -0.93279076 -0.36041880        95 0.07953542 -1.64423305 0.32443357 0.74033546 0.67223775 0.01565318 -0.93286520         1
         1       443       137 0.22807804 -1.63673915 0.31163067 0.99931669 -0.03697121        70 0.24720332 -1.65222436 0.31793389 -0.93279076 -0.36041880 0.03594569 -0.91882825         1
         1       410        60 0.15711884 -0.05489216 2.25229680 -0.46471629 -0.88545799       191 0.17481337 -0.06327447 2.21811424 0.10837877 0.99410820 0.07566993 -0.93060643        18
         1       388        16 0.22506924 0.78356480 -1.89904810 0.73429370 0.67883205       188 0.23529623 0.81820843 -1.87715127 -0.81222582 -0.58334255 0.08811467 -0.99240392         5
         1       238       167 0.14143196 0.86498445 -1.95829267 -0.78162217 0.62375307        38 0.20971413 0.87573915 -1.91001275 -0.65873337 -0.75237608 0.10634602 0.04558372         5
         1       881         3 0.22810192 -0.60329114 -0.03568467 0.43999672 -0.89799958       163 0.11926780 -0.62888766 -0.02446105 -0.74810886 0.66357626 0.06009052 -0.92505665         9
         1        45        56 0.24154513 2.40757744 0.99080610 -0.31091309 -0.95043826        63 0.19253770 2.39645951 1.00246465 0.97646999 -0.21565104 0.03463638 -0.09863430        17
         1       188       166 0.18548623 -1.60182875 0.33005198 -0.99895191 0.04576957       195 0.23077804 -1.61475246 0.34431350 0.99779177 0.06641579 0.04137918 -0.99370617         1
         1       355        97 0.21182087 -1.71132200 0.33173930 0.99745417 0.07131350        24 0.12876286 -1.74437675 0.33712105 0.98156548 -0.19112492 0.07200350 0.96543679         1
         1       356       197 0.18631004 -1.60029995 0.31894806 -0.99831533 0.05803013       141 0.18349995 -1.58383792 0.32995565 -0.99999762 0.00150025 0.04257681 0.99840001         1
         1       741       127 0.16748331 -1.10297300 2.54387639 -0.99994183 0.01078033       120 0.07145567 -1.09761540 2.51997964 0.98999691 -0.14108562 0.05265344 -0.99146027        21
         1        52        43 0.15921938 -1.57065378 0.33967682 -0.91061354 -0.41326153       146 0.11940254 -1.53942295 0.34771952 -0.95258045 -0.30429018 0.06933707 0.99318408         1
         1       555        68 0.22991747 2.33439522 2.20742964 0.18074799 0.98353100        15 0.20626332 2.34871656 2.19764609 -0.92524910 0.37936306 0.03728988 0.20587842         2
         1       760       105 0.15294769 -1.58049713 0.31717393 -0.94729042 0.32037520       166 0.15866584 -1.57503625 0.32882919 -0.99897909 0.04517305 0.02767297 0.96079565         1
         1       667       146 0.21425234 -1.62980762 0.31896037 -0.95326567 -0.30213189       166 0.23435609 -1.65064739 0.33228873 -0.99895191 0.04576957 0.05318551 0.93843811         1
         1       375       117 0.22807218 2.36193404 2.16382915 0.94630623 0.32326984       176 0.22553825 2.37791463 2.18221153 0.67360783 0.73908806 0.05236878 0.87636416         2
         1       806         4 0.17056416 -1.63272381 0.33126103 -0.99132729 -0.13141680       141 0.23766539 -1.63800323 0.33003691 -0.99999762 0.00150025 0.01165188 0.99112776         1
         1       766        55 0.14359850 0.09858484 -0.32713939 0.47236991 -0.88140035        47 0.23052108 0.07858615 -0.34159543 0.99989296 -0.01463020 0.05305426 0.48521441         7
         1       886        79 0.23934206 -1.63869168 0.30894712 -0.41068983 0.91177493       196 0.22599746 -1.63449931 0.34158363 -0.98209620 -0.18837404 0.07074507 0.23158219         1
         1       846       197 0.12766078 -1.54175586 0.31543848 -0.99815226 0.06075168       103 0.20915814 -1.55687871 0.30338183 0.58510065 -0.81095982 0.04158255 -0.63328670         1
         1       163        42 0.21829107 -1.65277685 0.33122596 -0.54729080 -0.83694255        24 0.22502133 -1.64991513 0.31860930 0.98118210 -0.19308472 0.02781485 -0.37539112         1
         1       313        74 0.15299371 0.12662241 1.91582805 -0.36531812 -0.93088245        49 0.22993909 0.13686071 1.86668869 0.67333728 -0.73933554 0.10791842 0.44225217        14
         1       563        55 0.14958507 0.10141272 -0.33241596 0.47236991 -0.88140035        47 0.24888512 0.09694823 -0.34186410 0.99989296 -0.01463020 0.02246715 0.48521441         7
         1        69        72 0.24826974 -1.72323983 2.26289969 -0.17303896 0.98491573       110 0.19897440 -1.73165612 2.28730029 0.76530504 0.64367008 0.05549429 0.50153320         3
         1       660        71 0.09150449 -1.72898620 2.33171721 0.01564693 -0.99987888        30 0.16065131 -1.72263856 2.35297689 -0.20367193 -0.97903919 0.04770222 0.97573377         3
         1       888       197 0.22548179 -1.63940571 0.32122120 -0.99831533 0.05803013       146 0.22511651 -1.64016406 0.31567796 -0.95326567 -0.30213189 0.01202899 0.93412698         1
         1         4        24 0.22937697 -1.64564145 0.31776829 0.98118210 -0.19308472       137 0.20911871 -1.65568552 0.31233162 0.99931669 -0.03697121 0.02455529 0.98765023         1
         1       485        17 0.18545598 -0.69091298 -0.74962864 -0.19646859 -0.98051047        21 0.12774546 -0.68809350 -0.79263946 -0.99987960 0.01551390 0.09267174 0.18123340        10
         1       895        20 0.18280765 -1.53976430 0.31653317 -0.99309254 0.11734235       112 0.17802791 -1.57025496 0.34617319 0.80281878 -0.59622288 0.09142459 -0.86723553         1
         1       124       157 0.20006450 1.97008790 0.68230401 0.68665123 -0.72698522       145 0.08090971 1.98981448 0.67791165 0.97026587 0.24204326 0.04345080 0.49027238        23
         1       938       105 0.22304864 -1.64693930 0.33952518 -0.94793272 0.31847119        81 0.18745440 -1.60704553 0.37423649 0.87570763 0.48284125 0.11369391 -0.67634088         1
         1       369       101 0.09627165 -1.74106279 2.51766605 -0.94182301 0.33611012       180 0.01331012 -1.72392165 2.53525308 -0.99258900 -0.12151623 0.05280090 0.89400032         3
         1       732        85 0.17490987 2.38391011 2.16755592 -0.77008438 -0.63794231       117 0.24449550 2.37747552 2.16913831 0.94630623 0.32326984 0.01424655 -0.93496316         2
         1       145        85 0.24127376 2.33280432 2.12521959 -0.77008438 -0.63794231        68 0.10654974 2.31211498 2.08609039 0.18044472 0.98358536 0.09516374 -0.76642838         2
         1       282         4 0.18801279 -1.65002111 0.32896798 -0.99132729 -0.13141680       141 0.24115451 -1.64149234 0.33004215 -0.99999762 0.00150025 0.01848172 0.99112776         1
         1       582        15 0.16217819 2.38950392 2.18091610 -0.92472267 0.38063622       176 0.22242568 2.37581798 2.17991107 0.67360783 0.73908806 0.02950402 -0.34157675         2
         1       565        65 0.17604664 -1.72162947 2.24717693 -0.99999762 -0.00246048        30 0.22875492 -1.73648644 2.28629617 -0.20330286 -0.97911358 0.08996778 0.20571146         3
         1       776        79 0.21386401 -1.62822811 0.28571687 -0.41068983 0.91177493        92 0.20182282 -1.65265928 0.31612153 0.91006422 0.41446674 0.08385898 0.00414626         1
         1       194        92 0.20066330 -1.65371452 0.31564095 0.91006422 0.41446674        70 0.21962836 -1.62650270 0.32787242 -0.93279076 -0.36041880 0.06414399 -0.99828110         1
         1       154        92 0.17080495 -1.68088754 0.30326566 0.91006422 0.41446674       105 0.24709181 -1.66973061 0.34718224 -0.94793272 0.31847119 0.09741998 -0.73068394         1
         1       593       159 0.09958149 2.25260009 2.22437732 0.67861748 -0.73449039        75 0.09901217 2.23752582 2.21477837 0.83395672 -0.55182838 0.03842271 0.97125025         2
         1       177       195 0.05574659 -1.78939503 0.33265286 0.99773169 0.06732845        46 0.03851163 -1.83381529 0.32282227 0.99844122 0.05581641 0.09781438 0.99993447         1
         1        96        97 0.09078722 -1.83200833 0.32258513 0.99693775 0.07820392       195 0.02403796 -1.82103173 0.33051797 0.99773169 0.06732845 0.02911769 0.99994173         1
         1       653        50 0.12100346 -2.43706121 -0.24616659 -0.92341518 0.38379908       116 0.22046869 -2.43543354 -0.21339042 0.66019249 0.75109541 0.07055560 -0.32136204        15
         1       515       137 0.23082528 -1.63399379 0.31152910 0.99931669 -0.03697121       146 0.23007230 -1.64488825 0.31418065 -0.95326567 -0.30213189 0.02410687 -0.94144411         1
         1       156        24 0.24159969 -1.63364873 0.31540827 0.98118210 -0.19308472        79 0.22929405 -1.63456507 0.29978559 -0.41068983 0.91177493 0.03364649 -0.57901131         1
         1       586        85 0.18896519 2.37308633 2.15858944 -0.77008438 -0.63794231        88 0.19246690 2.35666077 2.13616504 0.72112370 0.69280815 0.05976276 -0.99729773         2
         1       347       153 0.09605677 -0.62964546 0.33209999 -0.74564338 -0.66634548        52 0.14269561 -0.62812593 0.30599632 -0.99552655 -0.09448028 0.05621789 0.80526429        16
         1       433       191 0.22686411 -0.05763328 2.26985831 0.10837877 0.99410820        60 0.16335391 -0.05778969 2.24677591 -0.46471629 -0.88545799 0.04962830 -0.93060643        18
         1       955        75 0.19364703 2.31647352 2.16259592 0.83493233 -0.55035496       159 0.15851693 2.29259471 2.18108981 0.67861748 -0.73449039 0.06493645 0.97083010         2
         1        34        19 0.24335515 -1.65822527 0.30968953 0.91684341 -0.39924467        92 0.19516991 -1.65871386 0.31336412 0.91006422 0.41446674 0.00796991 0.66891275         1
         1       610        71 0.15458888 -1.72799912 2.26864047 0.01564693 -0.99987888        30 0.22039367 -1.73478657 2.29448278 -0.20330286 -0.97911358 0.05744544 0.97581393         3
         1       214        43 0.17669646 -1.58657824 0.33247547 -0.91157055 -0.41114187       166 0.15320686 -1.56958284 0.32858259 -0.99897909 0.04517305 0.03748642 0.89206739         1
         1       201       159 0.17592303 2.30441215 2.16831012 0.67919540 -0.73395824       117 0.17169227 2.30858137 2.14560322 0.94630623 0.32326984 0.04963593 0.40546027         2
         1       450        38 0.13374911 0.92576425 -1.85284483 -0.65825987 -0.75279093       183 0.18853666 0.89508337 -1.81996883 0.29863930 -0.95436716 0.09668186 0.52185668         5
         1       181        99 0.14031944 0.43546982 -0.03325856 0.94298530 -0.33283489       136 0.17458142 0.43267746 -0.08091109 0.09955966 -0.99503160 0.10262869 0.42506453        19
         1       830       141 0.20179462 -1.60213255 0.32998310 -0.99999762 0.00150025       146 0.18576548 -1.60265207 0.32756716 -0.95326567 -0.30213189 0.00531301 0.95281012         1
         1       910       163 0.12286306 -0.63157731 -0.02207532 -0.74810886 0.66357626         3 0.19746844 -0.61676978 -0.00817582 0.43999672 -0.89799958 0.04366455 -0.92505665         9
         1       832       197 0.17504187 -1.58905076 0.31829417 -0.99831533 0.05803013       146 0.19233482 -1.60891440 0.32558235 -0.95326567 -0.30213189 0.04549075 0.93412698         1
         1       270       166 0.22256845 -1.63887211 0.33174921 -0.99895191 0.04576957        97 0.24349311 -1.67973039 0.33399796 0.99745417 0.07131350 0.08797825 -0.99314476         1
         1       856        97 0.24676801 -1.67646382 0.33423150 0.99745417 0.07131350        81 0.09228552 -1.69035691 0.32823297 0.87532139 0.48354113 0.03253543 0.90757598         1
         1       957         4 0.22404449 -1.68574031 0.32423281 -0.99132729 -0.13141680         5 0.23372012 -1.70870878 0.32481261 0.94854927 -0.31663156 0.04939792 -0.89871207         1
         1       460       101 0.09686835 -1.74162478 2.51786660 -0.94182301 0.33611012        30 0.03134363 -1.69625298 2.47956391 -0.20461893 -0.97884178 0.12766178 -0.13628381         3
         1       983       104 0.19790873 -1.66586403 0.33136630 -0.70417500 0.71002686        42 0.23289581 -1.66076988 0.31900264 -0.54729080 -0.83694255 0.02874981 -0.20886320         1
         1        41        79 0.24284117 -1.64012873 0.31213752 -0.41068983 0.91177493       137 0.20921932 -1.65558498 0.31232790 0.99931669 -0.03697121 0.03323345 -0.44411863         1
         1       368        79 0.20082423 -1.62287280 0.27382753 -0.41068983 0.91177493       197 0.23295653 -1.64686785 0.32165496 -0.99831533 0.05803013 0.11504461 0.46290837         1
         1       278       197 0.24805534 -1.66194123 0.32253115 -0.99831533 0.05803013        96 0.11449498 -1.68006620 0.32175721 0.94897699 0.31534517 0.03900419 -0.92907876         1
         1       897        65 0.18347974 -1.72906255 2.24715864 -0.99999762 -0.00246048        71 0.15152563 -1.72804706 2.27170334 0.01564693 -0.99987888 0.05281625 -0.01318672         3
         1       426        25 0.19020042 0.23370907 1.92371780 0.96339065 0.26810217       123 0.12244297 0.27054455 1.92101941 0.88653034 0.46267033 0.07940849 0.97811796        11
         1       471       104 0.21293278 -1.67644360 0.34203378 -0.70417500 0.71002686         4 0.23291147 -1.69453039 0.32306754 -0.99132729 -0.13141680 0.05634684 0.60475843         1
         1       739        97 0.24723832 -1.67599471 0.33426504 0.99745417 0.07131350        92 0.22025469 -1.63588510 0.32376093 0.91006422 0.41446674 0.08914382 0.93730442         1
         1       632        96 0.14303224 -1.65298499 0.33075630 0.94897699 0.31534517         5 0.23002197 -1.71221666 0.32598357 0.94854927 -0.31663156 0.12776083 0.80030320         1
         1       311       103 0.10461992 -1.61792995 0.38824036 0.58326101 -0.81228518       112 0.12349502 -1.61407433 0.37863392 0.80373001 -0.59499443 0.02225531 0.95208954         1
         1       757        60 0.18470415 -0.06769983 2.22786497 -0.46406941 -0.88580132       191 0.14512582 -0.06647832 2.18860006 0.10774478 0.99417973 0.08446039 -0.93064677        18
         1       722       144 0.16455205 -1.55068293 0.32002474 -0.99250746 0.12218320         4 0.09622413 -1.55905370 0.34121854 -0.99096966 -0.13408542 0.04899202 0.96716179         1
         1       796        30 0.19698286 -1.73002709 2.31740462 -0.20330286 -0.97911358       110 0.16379738 -1.75858028 2.26466148 0.76635218 0.64241982 0.12894846 -0.78480355         3
         1        47       159 0.17099752 2.30106676 2.17192524 0.67919540 -0.73395824        86 0.16767813 2.31142154 2.16243816 0.92815876 -0.37219048 0.03019401 0.90357343         2
         1       862       153 0.20500925 -0.71091971 0.25953873 -0.74654460 -0.66533536        52 0.22516486 -0.71021087 0.29804446 -0.99526334 -0.09721792 0.08280134 0.80769099        16
         1       622        66 0.23388113 -1.67913207 0.27176864 0.61359930 0.78961855       197 0.21847233 -1.63240806 0.32081444 -0.99831533 0.05803013 0.14563968 -0.56674392         1
         1        66        92 0.17386568 -1.67810208 0.30453423 0.91006422 0.41446674        46 0.20550565 -1.66712928 0.33294207 0.99781752 0.06603563 0.06547474 0.93544759         1
         1       698        55 0.19520682 0.12291827 -0.37265094 0.47080037 -0.88223970        67 0.18660012 0.14076623 -0.36452755 -0.57690874 0.81680882 0.04216080 -0.99223001         7
         1        82       103 0.13309470 -1.60132172 0.36511072 0.58326101 -0.81228518       112 0.16100059 -1.58392997 0.35631831 0.80373001 -0.59499443 0.04189904 0.95208954         1
         1       376       112 0.19028911 -1.56041144 0.33886279 0.80281878 -0.59622288       196 0.12549095 -1.53579119 0.36051140 -0.98212194 -0.18825138 0.07048655 -0.67622616         1
         1       620        94 0.14552177 1.09709641 0.73712272 -0.99720669 -0.07468915       152 0.22644629 1.09715252 0.71942413 0.86375713 0.50390768 0.03805218 -0.89898083         8
         1       833        45 0.14699055 0.37255552 0.39521905 0.96665561 -0.25608051       128 0.22495988 0.39176296 0.39041089 -0.93259227 0.36093163 0.04257022 -0.99392311        13
         1       209       112 0.18803434 -1.56222161 0.34020713 0.80281878 -0.59622288       196 0.13282646 -1.54299556 0.35913048 -0.98212194 -0.18825138 0.05799959 -0.67622616         1
         1       532       126 0.17234229 -1.15847666 -0.04216674 0.79124165 0.61150350       170 0.12326827 -1.15632557 -0.06135973 -0.74311638 -0.66916099 0.04152329 -0.99717892         6
         1       217       131 0.18904048 1.87465558 -0.10771908 0.40626955 0.91375297        69 0.18256088 1.85662777 -0.12409493 0.44180918 0.89710870 0.05236345 0.99922936         4
         1       200        19 0.11545256 -1.77547661 0.36078932 0.91654444 -0.39993525       113 0.12708510 -1.72182009 0.33761460 0.99117136 -0.13258517 0.12566175 0.96147808         1
         1       364        96 0.12875529 -1.66653349 0.32625413 0.94897699 0.31534517       196 0.24750319 -1.65562001 0.33753251 -0.98209620 -0.18837404 0.03374240 -0.99138954         1
         1       990        43 0.24655473 -1.65025898 0.30375381 -0.91157055 -0.41114187         4 0.21308842 -1.67487927 0.32567262 -0.99132729 -0.13141680 0.07087154 0.95769571         1
         1        12        86 0.20063357 2.34200942 2.15017246 0.92815876 -0.37219048        88 0.20065770 2.36256735 2.14183969 0.72112370 0.69280815 0.04769238 0.41146068         2
         1       300       146 0.13741724 -1.55658340 0.34223783 -0.95258045 -0.30429018        96 0.24840735 -1.55303719 0.36413796 0.94835615 0.31720626 0.04769858 -0.99990828         1
         1       817       126 0.20989607 -1.12876254 -0.01920247 0.79124165 0.61150350        26 0.12137496 -1.10857071 -0.02923406 -0.83384371 0.55199930 0.04847488 -0.32222237         6
         1       290       131 0.23122570 1.89179415 -0.06917221 0.40626955 0.91375297       129 0.19843039 1.89685110 -0.04076827 0.62764549 0.77850009 0.06202877 0.96635002         4
         1       820       128 0.11441593 0.49485694 0.35051614 -0.93262196 0.36085403        45 0.22608364 0.44899873 0.37491757 0.96644425 -0.25687623 0.11168428 -0.99402195        13
         1       264        71 0.11230151 -1.72866079 2.31092271 0.01564693 -0.99987888       110 0.21707465 -1.71780391 2.29895087 0.76530504 0.64367008 0.03474740 -0.63161745         3
         1       117        71 0.24389139 -1.72645798 2.17935120 0.01750946 -0.99984741        72 0.17046106 -1.70977590 2.18626470 -0.17303896 0.98491573 0.03882452 -0.98779527         3
         1       417        70 0.19612613 -1.60458003 0.33634307 -0.93279076 -0.36041880       144 0.20553349 -1.59134803 0.32510689 -0.99226856 0.12411046 0.03732202 0.88084720         1
         1       696        69 0.23079652 1.87793872 -0.08082232 0.44180918 0.89710870       129 0.19923393 1.89735544 -0.04014271 0.62764549 0.77850009 0.09691325 0.97569874         4
         1       718       178 0.20851092 1.86733331 -0.09617130 0.33402872 0.94256334        69 0.18695706 1.85857004 -0.12015108 0.44180918 0.89710870 0.05489133 0.99315873         4
         1       967       168 0.23729916 -1.82624769 2.19944083 0.65438747 0.75615978        65 0.24054733 -1.78613000 2.24701823 -0.99999762 -0.00246048 0.13380253 -0.65624643         3
         1       657       166 0.23473692 -1.65102782 0.33230616 -0.99895191 0.04576957       105 0.22638431 -1.65010129 0.34058749 -0.94793272 0.31847119 0.01791596 0.96151549         1
         1       996        85 0.20134224 2.36355496 2.15069359 -0.77008438 -0.63794231       114 0.24517241 2.35940946 2.13667058 0.90014362 -0.43558788 0.03143930 -0.41530660         2
         1        63        66 0.10660432 -1.75719613 0.17124302 0.61305141 0.79004288       190 0.14295629 -1.74407908 0.19066627 -0.50160742 -0.86509502 0.05039078 -0.99097330         1
         1         1       146 0.23144281 -1.64619471 0.31376658 -0.95326567 -0.30213189        79 0.22010581 -1.63079155 0.29140799 -0.41068983 0.91177493 0.05837413 0.11602023         1
         1         7       110 0.19904482 -1.73160223 2.28734562 0.76530504 0.64367008        30 0.21084544 -1.73284539 2.30383158 -0.20330286 -0.97911358 0.03554546 -0.78581482         3
         1       162       197 0.16774039 -1.58176158 0.31787046 -0.99831533 0.05803013       196 0.18477665 -1.59401651 0.34934857 -0.98209620 -0.18837404 0.07262592 0.96951032         1
         1       182       194 0.16453132 -1.56423830 -0.36061384 0.88708305 0.46161103       149 0.16623904 -1.56507219 -0.35081860 0.23893404 -0.97103584 0.02113595 -0.23628652        24
         1       597       197 0.15950535 -1.57354159 0.31737309 -0.99815226 0.06075168        43 0.18937048 -1.59813150 0.32726465 -0.91157055 -0.41114187 0.05698543 0.88490864         1
         1       826       114 0.09825883 2.22718630 2.20070643 0.89984894 -0.43620300        75 0.08460200 2.22550836 2.22273031 0.83395672 -0.55182838 0.04748857 0.99114427         2
         1       634       152 0.23984393 1.10872483 0.72617530 0.86375713 0.50390768        64 0.13130498 1.12502874 0.68616642 -0.44493055 -0.89556456 0.09288718 -0.83559380         8
         1       486       113 0.24882860 -1.60117164 0.32132307 0.99092531 -0.13441265        79 0.23464109 -1.63676104 0.30466089 -0.41068983 0.91177493 0.08448800 -0.52951703         1
         1       781        20 0.24971889 -1.60621335 0.32438469 -0.99309254 0.11734235       105 0.19781876 -1.62302307 0.33149019 -0.94793272 0.31847119 0.03923704 0.97875507         1
         1        22        96 0.18801510 -1.61031054 0.34498116 0.94835615 0.31720626       197 0.20081863 -1.61478410 0.31978999 -0.99831533 0.05803013 0.05500839 -0.92835097         1
         1       878        71 0.09146167 -1.72898687 2.33176003 0.01564693 -0.99987888        30 0.17959343 -1.72649177 2.33443085 -0.20330286 -0.97911358 0.00785820 0.97581393         3
         1        61        35 0.17251162 -1.73575980 2.28746958 0.84761524 -0.53061104       110 0.23198232 -1.70639499 2.30854650 0.76530504 0.64367008 0.07771375 0.30714577         3
         1       476       195 0.19433600 -1.65111403 0.34189318 0.99779177 0.06641579       146 0.22759713 -1.64252876 0.31492848 -0.95326567 -0.30213189 0.06084165 -0.97122696         1
         1       845       113 0.21882722 -1.63090077 0.32535564 0.99092531 -0.13441265       105 0.17870173 -1.60490141 0.32540197 -0.94793272 0.31847119 0.05589871 -0.98213708         1
         1       798       166 0.14804900 -1.56443025 0.32834959 -0.99897909 0.04517305       113 0.21906209 -1.63066803 0.32532407 0.99092531 -0.13441265 0.14255971 -0.99598550         1
         1       336        85 0.18810867 2.37374592 2.15913585 -0.77008438 -0.63794231       176 0.15729193 2.33193758 2.13177675 0.67422581 0.73852730 0.10742382 -0.99034858         2
         1       256        96 0.24211989 -1.55899993 0.36214354 0.94835615 0.31720626       196 0.16006161 -1.56974380 0.35400343 -0.98212194 -0.18825138 0.02898053 -0.99111590         1
         1       498        43 0.23329182 -1.63816890 0.30920675 -0.91157055 -0.41114187       146 0.20411530 -1.62014433 0.32202309 -0.95326567 -0.30213189 0.04755067 0.99318798         1
         1       420        75 0.21845545 2.33718687 2.14894248 0.83493233 -0.55035496       159 0.21508862 2.33101324 2.13956421 0.67919540 -0.73395824 0.02413999 0.97101976         2
         1       118       105 0.16475782 -1.59168475 0.32095760 -0.94729042 0.32037520        43 0.17759824 -1.58740027 0.33210471 -0.91157055 -0.41114187 0.02567563 0.73180239         1
         1       259        92 0.18245004 -1.67028976 0.30809216 0.91006422 0.41446674        70 0.24219592 -1.64755350 0.31973865 -0.93279076 -0.36041880 0.05492305 -0.99828110         1
         1       524        43 0.18999074 -1.59869692 0.32700964 -0.91157055 -0.41114187       144 0.23317744 -1.61877825 0.32853780 -0.99226856 0.12411046 0.04329970 0.85349579         1
         1       158       168 0.22012477 -1.83748640 2.18645424 0.65438747 0.75615978       110 0.13029782 -1.78425273 2.24314070 0.76635218 0.64241982 0.16719174 0.98726329         3
         1       127        13 0.18090862 1.84371125 -0.16004778 0.22343588 0.97471860       129 0.06920277 1.81580490 -0.14142253 0.62665844 0.77929437 0.07213447 0.89961070         4
         1       176        81 0.05793682 -1.72040112 0.31158429 0.87445736 0.48510289       197 0.23727658 -1.65118063 0.32190565 -0.99831533 0.05803013 0.15046938 -0.84483361         1
         1       521       114 0.19689539 2.31595321 2.15769946 0.90014362 -0.43558788       159 0.18794805 2.31257948 2.15948426 0.67919540 -0.73395824 0.00820600 0.93107673         2
         1       258        75 0.22716442 2.34445827 2.14414946 0.83493233 -0.55035496        88 0.18893209 2.35411174 2.13371609 0.72112370 0.69280815 0.03056061 0.22079908         2
         1       640        97 0.24991064 -1.67332920 0.33445561 0.99745417 0.07131350        96 0.09082979 -1.70252392 0.31429451 0.94897699 0.31534517 0.07628113 0.96904942         1
         1       144       167 0.24827409 0.78150357 -1.89161303 -0.78126311 0.62420082        16 0.23034054 0.78743548 -1.89546978 0.73429370 0.67883205 0.01521223 -0.14994906         5
         1       465       159 0.23219180 2.34262964 2.12701119 0.67919540 -0.73395824        85 0.22871608 2.34247479 2.13323066 -0.77008438 -0.63794231 0.01337601 -0.05481475         2
         1       871        94 0.14689243 1.09572959 0.73702035 -0.99720669 -0.07468915       152 0.24886331 1.11651538 0.73072024 0.86375713 0.50390768 0.04669712 -0.89898083         8
         1       159       115 0.22368935 -0.03322536 1.84806814 -0.95760515 0.28808355       107 0.23084733 -0.06172424 1.86135293 0.99108727 0.13321495 0.06760278 -0.91069324        20
         1       557        45 0.15074548 0.37618524 0.39425748 0.96665561 -0.25608051       128 0.19864689 0.41630225 0.38091370 -0.93259227 0.36093163 0.09089774 -0.99392311        13
         1        92        52 0.16344041 -0.64877793 0.30403635 -0.99552655 -0.09448028       153 0.11900815 -0.64675900 0.31680645 -0.74564338 -0.66634548 0.02779672 0.80526429        16
         1       950        94 0.12540342 1.11715857 0.73862535 -0.99720669 -0.07468915       152 0.23854405 1.10760204 0.72552028 0.86375713 0.50390768 0.03487178 -0.89898083         8
         1       808        71 0.12529299 -1.72845752 2.29793281 0.01564693 -0.99987888        30 0.17637517 -1.72583749 2.33758190 -0.20330286 -0.97911358 0.08543146 0.97581393         3
         1       992        19 0.22138166 -1.67837152 0.31846233 0.91684341 -0.39924467        24 0.16411230 -1.70967896 0.33036489 0.98156548 -0.19112492 0.07201142 0.97624745         1
         1       962       103 0.12166567 -1.60798782 0.37439435 0.58326101 -0.81228518         4 0.21547791 -1.67724804 0.32535860 -0.99132729 -0.13141680 0.18245231 -0.47145464         1
         1       986       105 0.21948765 -1.64356373 0.33839111 -0.94793272 0.31847119         4 0.18573771 -1.64776577 0.32926697 -0.99132729 -0.13141680 0.02159729 0.89785911         1
         1       576       149 0.17629375 -1.56267807 -0.36058412 0.23807287 -0.97124755       194 0.16428663 -1.56445537 -0.36072679 0.88708305 0.46161103 0.00383348 -0.23714818        24
         1       430        46 0.04745724 -1.82488363 0.32332158 0.99844122 0.05581641         5 0.10999160 -1.82604511 0.36406731 0.94808578 -0.31801379 0.08763889 0.92885754         1
         1       239       110 0.15776318 -1.76320460 2.26078499 0.76635218 0.64241982       198 0.15386505 -1.71593894 2.30095210 0.64746809 -0.76209068 0.13335961 0.00660642         3
         1       936       195 0.22506633 -1.62045156 0.34393416 0.99779177 0.06641579        81 0.15998076 -1.63110182 0.36096640 0.87532139 0.48354113 0.04318908 0.90550324         1
% end
