2.583606982568318
2.1660081802105657
2.169515064668094
3.068402679074689
2.0175712320243124
1.0643509251207803
1.3722458388418115
1.232597354739976
1.819642129659347
1.2015043391476723
0.41759880235775204
0.4140919179002237
0.4847956965063699
1.6820070925869561
1.5192560574475378
2.327332485769457
2.4669809698712926
1.8799361949519215
1.3821026434206458
0.003506884457513717
0.902394498864122
2.099605894944708
1.1016572550897854
2.744931288127209
2.8845797722290447
2.2975349973096737
0.9645038410628938
0.8988876144065939
2.09609901048718
1.1051641395473137
2.7414244036696807
2.8810728877715173
2.294028112852146
0.9680107255204219
1.1972113960805861
2.0040517539539078
1.8425367892630868
1.9821852733649226
1.3951404984455515
1.8668983399270158
3.081922157145095
0.645325393182501
0.7849738772843364
0.19792910236496525
3.0641097360076013
2.4365967639625916
2.2969482798607563
2.8839930547801282
0.137153414026892
0.13964848410183753
0.44739629081753574
2.573750177989483
0.5870447749193709
2.434101693887648
3.021146468807019
