filament_pair_angle	cluster_id
2.583606982568318	0.0
2.1660081802105657	0.0
2.169515064668094	0.0
3.068402679074689	0.0
2.0175712320243124	0.0
1.0643509251207803	0.0
1.3722458388418115	0.0
1.232597354739976	0.0
1.819642129659347	0.0
1.2015043391476723	0.0
0.41759880235775204	0.0
0.4140919179002237	0.0
0.4847956965063699	0.0
1.6820070925869561	0.0
1.5192560574475378	0.0
2.327332485769457	0.0
2.4669809698712926	0.0
1.8799361949519215	0.0
1.3821026434206458	0.0
0.003506884457513717	0.0
0.902394498864122	0.0
2.099605894944708	0.0
1.1016572550897854	0.0
2.744931288127209	0.0
2.8845797722290447	0.0
2.2975349973096737	0.0
0.9645038410628938	0.0
0.8988876144065939	0.0
2.09609901048718	0.0
1.1051641395473137	0.0
2.7414244036696807	0.0
2.8810728877715173	0.0
2.294028112852146	0.0
0.9680107255204219	0.0
1.1972113960805861	0.0
2.0040517539539078	0.0
1.8425367892630868	0.0
1.9821852733649226	0.0
1.3951404984455515	0.0
1.8668983399270158	0.0
3.081922157145095	0.0
0.645325393182501	0.0
0.7849738772843364	0.0
0.19792910236496525	0.0
3.0641097360076013	0.0
2.4365967639625916	0.0
2.2969482798607563	0.0
2.8839930547801282	0.0
0.137153414026892	0.0
0.13964848410183753	0.0
0.44739629081753574	0.0
2.573750177989483	0.0
0.5870447749193709	0.0
2.434101693887648	0.0
3.021146468807019	0.0
2.817155923828818	1.0
2.1837912334583693	1.0
0.5431777754166978	1.0
0.27811460049672365	1.0
2.997983538401591	1.0
2.8372800799217246	1.0
1.7406555458204103	1.0
3.059197995750445	1.0
0.9071870132711986	1.0
2.321405114259617	1.0
0.07879359028259737	1.0
0.4755466414844193	1.0
0.582535054324744	1.0
0.5323136321743136	1.0
1.8311951670318571	1.0
0.6915652513338159	1.0
0.17691764519178116	1.0
1.7569348478043436	1.0
2.7096063405377775	1.0
0.5847698125463858	1.0
0.12582313798315656	1.0
2.4990580747838207	1.0
0.27384443754711635	1.0
1.5685676344472426	1.0
3.023598642492169	1.0
0.5313139044334112	1.0
0.06298709177112613	1.0
2.083559765207837	1.0
0.20031023118941477	1.0
0.24142932951402102	1.0
3.0799978898164313	1.0
2.791656915271922	1.0
2.32650186017816	1.0
1.6951943893261203	1.0
0.05423537841378576	1.0
1.659038787109888	1.0
0.3050305719918408	1.0
1.643779935299809	1.0
2.669361935048288	1.0
2.858392185329047	1.0
2.850734281979451	1.0
2.8847073646766086	1.0
0.12582313798315656	1.0
0.3989802849241054	1.0
3.070004150207832	1.0
2.0018245644426234	1.0
0.07019404812370805	1.0
3.04860468864572	1.0
0.6425345788059726	1.0
1.5658190036495987	1.0
0.3739829926169967	1.0
0.12358858753292808	1.0
1.2246147320524974	1.0
1.7470508533856282	1.0
3.035464386957781	1.0
2.754008194431281	1.0
0.6083602304780009	1.0
0.4674883324056525	1.0
0.3789829509509551	1.0
2.988000143125573	1.0
2.9795429158232696	1.0
0.363271442352431	1.0
1.8977741596422533	1.0
0.19818126194786165	1.0
0.645690996422304	1.0
0.5783032719075349	1.0
0.6938878562793089	1.0
0.36678843350270307	1.0
0.6333646903704487	1.0
2.2739781484121204	1.0
3.0952705243255423	1.0
0.4680458449491766	1.0
0.6287493034290436	1.0
1.076500378008408	1.0
0.4068313876003231	1.0
1.9099689105576199	1.0
1.1446242690911514	1.0
2.7383623335462204	1.0
2.341609282344399	1.0
2.234620869504074	1.0
2.9337157511764547	1.0
1.6348342163189111	1.0
2.1255906724950027	1.0
2.640238278637037	1.0
1.0602210760244748	1.0
0.7564230428129908	1.0
2.2323861112824326	1.0
2.9429790618119767	1.0
0.9669713085669476	1.0
2.5433114862817026	1.0
1.8974617489035255	1.0
0.44243074085859985	1.0
2.9347154789173566	1.0
2.7541688320576942	1.0
0.7335961586209816	1.0
3.0174661550182322	1.0
3.058585253342838	1.0
0.3860314935343395	1.0
0.02549900855688983	1.0
1.1395275231726079	1.0
1.1219615345026979	1.0
2.871391302242605	1.0
1.8069905962408803	1.0
3.122186495820657	1.0
1.1733759885290094	1.0
0.14779398878053052	1.0
0.041236261500228855	1.0
0.6152951013713175	1.0
0.5813220186741591	1.0
2.9429790618119767	1.0
2.418175638904713	1.0
0.39602523314293603	1.0
1.464204818908145	1.0
2.7469618757051113	1.0
0.417424694705047	1.0
2.1746213450228455	1.0
1.2513369201792195	1.0
2.4431729312118216	1.0
2.940744511361747	1.0
2.241414651298271	1.0
1.0701050704431903	1.0
0.21830846312896104	1.0
0.7120211889194876	1.0
2.8576691528727673	1.0
2.3496675914231657	1.0
2.4381729728778634	1.0
0.47802924022519544	1.0
0.4864864675274981	1.0
3.102757940998341	1.0
0.9193817641865651	1.0
2.618974661880957	1.0
2.171464927406514	1.0
2.8877261114432335	1.0
2.7721415270714593	1.0
2.4503674903261152	1.0
1.6406134580416718	1.0
2.461905833955093	1.0
1.1014105353196253	1.0
1.2621139937994923	1.0
0.4431356876379592	1.0
1.0401960779707722	1.0
1.2766042201871712	1.0
1.7779889594616003	1.0
2.1049976431757718	1.0
1.7082445919739504	1.0
1.6012561791336257	1.0
2.7161048656326834	1.0
2.26819890668936	1.0
1.4922259821245536	1.0
2.006873588266588	1.0
0.42685638565402606	1.0
1.3897877331834394	1.0
1.5990214209119837	1.0
2.3096143714415276	1.0
1.6003359989373964	1.0
1.9099467959112537	1.0
2.5308264392739743	1.0
1.0757954312290487	1.0
2.7151051378917805	1.0
2.1208041416872456	1.0
0.10023146825053317	1.0
2.384101464647784	1.0
2.4252205629723904	1.0
1.0193961839047885	1.0
0.6078656818135522	1.0
1.772892213543057	1.0
0.4885968441322492	1.0
2.238026611872156	1.0
2.440355286611329	1.0
2.4888218054502107	1.0
0.5400112981585606	1.0
0.4855707015899187	1.0
0.6746009518706776	1.0
1.2486597917417663	1.0
1.2146867090446076	1.0
2.3096143714415276	1.0
1.7848109485342638	1.0
1.0293899235133848	1.0
2.097569509278594	1.0
2.1135971853346627	1.0
1.0507893850754957	1.0
1.541256654652397	1.0
0.6179722298087708	1.0
1.809808240841373	1.0
2.307379820991298	1.0
2.8747793416687197	1.0
0.4367403800727412	1.0
0.85167315349941	1.0
1.3453858792899362	1.0
2.7921514639363707	1.0
1.7163029010527169	1.0
1.8048082825074143	1.0
1.1113939305956444	1.0
1.1198511578979466	1.0
2.547062675810801	1.0
0.28601707381611646	1.0
1.985609971510508	1.0
1.5381002370360655	1.0
2.762094505365905	1.0
2.8776790897376783	1.0
1.8170027999556662	1.0
0.8212923759134215	1.0
2.7420239933612973	1.0
2.9027274518411637	1.0
1.1974777704037125	1.0
2.6808095360124438	1.0
0.36400923785450084	1.0
2.8645828896763144	1.0
0.4643841851340995	1.0
0.06763113393228021	1.0
0.039357278908048327	1.0
1.0754914075910114	1.0
2.3743729424485545	1.0
0.14838747591711815	1.0
0.36626013022491666	1.0
1.2137570723876459	1.0
3.0304011912251103	1.0
0.041592037129685074	1.0
0.6690009133998556	1.0
3.0422358502005187	1.0
0.26933333786958236	1.0
2.1117454098639405	1.0
2.71640888927072	1.0
1.074491679850109	1.0
0.48019068364557416	1.0
1.5403819897911388	1.0
0.7434880066061128	1.0
0.7846071049307187	1.0
2.6600096419464605	1.0
2.248479139855224	1.0
2.869679635594858	1.0
1.1520166139094228	1.0
0.5974131538304843	1.0
2.2022165625265857	1.0
0.8482083474085386	1.0
1.1006021598831113	1.0
2.1261841596315905	1.0
2.315214409912349	1.0
2.889273249783438	1.0
2.855300167086279	1.0
0.6690009133998556	1.0
0.14419749049259206	1.0
2.6700033815550563	1.0
2.5450023398593213	1.0
0.47298372729299093	1.0
2.691402843117167	1.0
0.09935680338927476	1.0
1.0226412282329012	1.0
0.16919478279970132	1.0
0.6667663629496265	1.0
1.7677925074691951	1.0
1.2038730779689302	1.0
2.492286611541082	1.0
2.985999337331608	1.0
1.151538005894699	1.0
0.075689443011045	1.0
0.16419482446574285	1.0
2.752007388637316	1.0
2.7604646159396182	1.0
0.9064492177691288	1.0
1.3545963842255555	1.0
0.34499651346883664	1.0
0.10251322100560584	1.0
1.121481047324233	1.0
1.2370656316960067	1.0
0.17638934191399444	1.0
2.719868937904868	1.0
2.559165479425001	1.0
2.018770146317134	1.0
2.781083395253721	1.0
1.185301613767922	1.0
2.043290513762893	1.0
0.35690819077932145	1.0
0.7536612419811427	1.0
0.8606496548214676	1.0
0.25419903167758945	1.0
1.5530805665351333	1.0
0.9696798518305394	1.0
0.45503224568850487	1.0
2.0350494483010673	1.0
2.431491740041054	1.0
0.8628844130431093	1.0
0.15229146251356404	1.0
2.220943474287097	1.0
0.5519590380438397	1.0
1.290453033950519	1.0
2.7454840419954447	1.0
0.2531993039366872	1.0
0.34110169226784753	1.0
2.3616743657045602	1.0
0.07780436930730877	1.0
0.03668527098269997	1.0
2.801883289319705	1.0
3.0697715157686476	1.0
2.0483872596814368	1.0
1.9733089898228442	1.0
0.2238792220829364	1.0
1.380924186613164	1.0
0.026915971495113135	1.0
1.9218945357965327	1.0
2.9474765355450123	1.0
3.1365067858257856	1.0
2.572619681482727	1.0
2.6065927641798856	1.0
0.15229146251356404	1.0
0.6770948854208292	1.0
2.7918895497111085	1.0
1.7237099639458995	1.0
0.34830864862043065	1.0
2.770490088148998	1.0
0.9206491793026963	1.0
1.8439336041463226	1.0
0.6520975931137204	1.0
0.15452601296379392	1.0
0.9465001315557735	1.0
2.025165453882352	1.0
2.969606319725084	1.0
2.4758935939345568	1.0
0.3302456299812772	1.0
0.7456029329023763	1.0
0.6570975514476786	1.0
2.7098855426288493	1.0
2.701428315326547	1.0
0.08515684185570516	1.0
2.1758887601389767	1.0
0.47629586244458505	1.0
0.9238055969190277	1.0
0.30018867141081096	1.0
0.41577325578258506	1.0
0.6449030339994268	1.0
0.16070345847986656	1.0
1.5445462229575846	1.0
0.06121445734885189	1.0
2.3780147555067965	1.0
0.6765784241419747	1.0
3.076777128684191	1.0
2.8096551272935764	1.0
2.702666714453251	1.0
2.4656699062272778	1.0
1.1667883713697345	1.0
2.593636517444179	1.0
3.1082841235862175	1.0
1.5282669209736515	1.0
0.2883771978638138	1.0
2.7004319562316095	1.0
2.8721604004184345	1.0
0.4989254636177707	1.0
3.0113573312308795	1.0
1.429415903954349	1.0
0.025615104090572084	1.0
2.4666696339681806	1.0
3.0609706301727155	1.0
1.2016420035701583	1.0
2.7976733072121767	1.0
2.7565542088875707	1.0
0.08201435141483521	1.0
0.49354485350607263	1.0
0.671481678223431	1.0
1.5900073794518745	1.0
2.9437481599878055	1.0
1.3389447512917036	1.0
2.6929529664097505	1.0
1.641421833478186	1.0
0.6158398337297067	1.0
0.42680958344894787	1.0
0.14724925642214037	1.0
0.11327617372498129	1.0
2.8721604004184345	1.0
2.88622148385389	1.0
0.07202061180623791	1.0
0.9961589739589684	1.0
3.0681775865253	1.0
0.05062115024412798	1.0
2.6426671899720224	1.0
1.7193827651283962	1.0
2.9112187761609984	1.0
2.874394950868663	1.0
1.7733688063490942	1.0
1.538150915392367	1.0
0.2497373818202146	1.0
0.24397534397031087	1.0
2.3896233079235905	1.0
2.817713436372342	1.0
2.90621881782704	1.0
0.00998339527601443	1.0
0.018440622578321908	1.0
2.6347120960491606	1.0
1.3874276091357418	1.0
3.0870205068301337	1.0
2.639510772355691	1.0
2.4196802664940567	1.0
2.3040956821222824	1.0
2.918413335275292	1.0
1.7052496814374516	1.0
0.22191791582872045	1.0
2.5387182139866633	1.0
0.5158749656621079	1.0
2.9160736702043226	1.0
2.9703585857734423	1.0
2.863370172933118	1.0
2.304966447747411	1.0
1.0060849128898677	1.0
2.754339975924046	1.0
3.014197725113506	1.0
1.6889703794535185	1.0
0.12767373938394727	1.0
2.8611354147114767	1.0
2.7114569419385672	1.0
0.3382220051379038	1.0
3.1111245174688382	1.0
1.268712445474482	1.0
0.18631856257044319	1.0
2.3059661754883134	1.0
2.9002671716928483	1.0
1.3623454620500253	1.0
2.63696984873231	1.0
2.5958507504077035	1.0
0.24271780989470357	1.0
0.6542483119859399	1.0
0.5107782197435641	1.0
1.7507108379317415	1.0
2.7830447015079383	1.0
1.1782412928118366	1.0
2.5322495079298837	1.0
1.802125291958053	1.0
0.7765432922095737	1.0
0.587513041928815	1.0
0.013454202057722282	1.0
0.047427284754883364	1.0
2.7114569419385672	1.0
3.046924942333757	1.0
0.23272407028610728	1.0
0.8354555154791014	1.0
2.9074741280454313	1.0
0.21132460872399694	1.0
2.803370648451889	1.0
1.8800862236082632	1.0
3.0719222346408657	1.0
2.713691492388796	1.0
1.6126653478692272	1.0
1.698854373872234	1.0
0.4104408403000817	1.0
0.08327188549044473	1.0
2.2289198494437237	1.0
2.978416894852209	1.0
3.0669222763069066	1.0
0.1507200632038474	1.0
0.14226283590154554	1.0
2.474008637569294	1.0
1.5481310676156086	1.0
3.0354613418695857	1.0
2.800214230835558	1.0
2.25897680801419	1.0
2.1433922236424157	1.0
3.0791167937551585	1.0
1.4833317656087315	1.0
0.8334685325492118	1.0
2.22112464709956	1.0
1.6618619555378122	1.0
1.265108904335991	1.0
1.1581204914956664	1.0
2.272969177994724	1.0
2.7113345943273193	1.0
1.0490902944865943	1.0
1.5637379006286287	1.0
0.016279301983934746	1.0
1.8329234208213987	1.0
1.1558857332740247	1.0
1.866478683803568	1.0
2.043471686575356	1.0
1.4668111082732944	1.0
2.973962126911934	1.0
1.518931118867008	1.0
2.2719694502538212	1.0
1.6776684540492866	1.0
0.3429042193874265	1.0
1.940965777009825	1.0
1.9820848753344311	1.0
1.4625318715427478	1.0
1.0510013694515115	1.0
2.216027901181016	1.0
0.04546115649428978	1.0
1.7948909242341968	1.0
2.8834909742492885	1.0
2.045686117812251	1.0
0.09687561052060104	1.0
0.928706389227878	1.0
1.1177366395086368	1.0
1.6917954793797256	1.0
1.6578223966825671	1.0
1.866478683803568	1.0
1.3416752608963045	1.0
1.472525611151344	1.0
2.5407051969165533	1.0
1.6704614976967034	1.0
1.493925072713455	1.0
1.0981209670144374	1.0
0.1748365421708112	1.0
1.3666725532034134	1.0
1.864244133353339	1.0
2.965270277872908	1.0
0.006395307565188042	1.0
1.2948088411373695	1.0
1.7885215669278955	1.0
2.3490157762984114	1.0
1.2731672134147576	1.0
1.3616725948694552	1.0
1.5545296182336035	1.0
1.562986845535906	1.0
2.1039269881728413	1.0
0.15711861382184344	1.0
1.5424742838725487	1.0
1.094964549398106	1.0
2.318958817727945	1.0
2.4345434020997194	1.0
1.3738671123177069	1.0
2.3168002981579434	1.0
0.7377928814908281	1.0
3.1379915860330283	1.0
2.748440669944723	1.0
2.6414522571043975	1.0
2.5268843635761313	1.0
1.228002828718588	1.0
2.532422060095326	1.0
3.04706966623736	1.0
1.4670524636247981	1.0
0.3495916552126673	1.0
2.639217498882756	1.0
2.933374857767288	1.0
0.5601399209666241	1.0
2.9501428738820255	1.0
1.4906303613032021	1.0
0.035599353258277094	1.0
2.5278840913170337	1.0
3.1221850875215673	1.0
1.140427546221305	1.0
2.85888776456103	1.0
2.817768666236424	1.0
0.020799894065976654	1.0
0.4323303961572194	1.0
0.7326961355722844	1.0
1.5287929221030212	1.0
3.0049626173366586	1.0
1.400159208640557	1.0
2.754167423758604	1.0
1.5802073761293327	1.0
0.5546253763808535	1.0
0.3655951261000946	1.0
0.2084637137709942	1.0
0.17449063107383542	1.0
2.933374857767288	1.0
2.825007026505036	1.0
0.010806154457379433	1.0
1.0573734313078216	1.0
3.1293920438741476	1.0
0.010593307104729515	1.0
2.5814527326231693	1.0
1.6581683077795428	1.0
2.8500043188121444	1.0
2.9356094082175166	1.0
1.8345832636979476	1.0
1.4769364580435136	1.0
0.1885229244713613	1.0
0.30518980131916423	1.0
2.450837765272444	1.0
2.756498979023489	1.0
2.8450043604781863	1.0
0.07119785262487176	1.0
0.07965507992717515	1.0
2.695926553398014	1.0
1.3262131517868883	1.0
3.0258060494812793	1.0
2.5782963150068374	1.0
2.48089472384291	1.0
2.365310139471136	1.0
2.8571988779264386	1.0
3.0545931796487733	1.0
0.8283934229886003	1.0
0.4316403717867794	1.0
0.3246519589464544	1.0
1.439500645445512	1.0
2.7383821803030552	1.0
0.2156217619373826	1.0
0.7302693680794171	1.0
0.8497478345331452	1.0
2.666391953370611	1.0
0.3224172007248124	1.0
1.0330101512543561	1.0
2.8769402191245677	1.0
0.6333425757240825	1.0
2.475754647718441	1.0
2.3523996514162198	1.0
1.4385009177046095	1.0
0.8441999215000746	1.0
1.1763727519366383	1.0
1.107497244460613	1.0
1.1486163427852194	1.0
2.2960004040919597	1.0
1.8844699020007234	1.0
3.0494964337302295	1.0
0.788007376054922	1.0
0.961422391684985	1.0
2.5662258003810865	1.0
1.2122175852630392	1.0
0.7365929220286105	1.0
1.7621749217770897	1.0
1.9512051720578485	1.0
2.525264011928938	1.0
2.491290929231779	1.0
1.0330101512543561	1.0
0.5082067283470925	1.0
2.305994143700556	1.0
2.9090115777138217	1.0
0.8369929651474914	1.0
2.327393605262667	1.0
0.26465243446522546	1.0
0.6586319903784003	1.0
0.5332040206542017	1.0
1.0307756008041271	1.0
2.131801745323696	1.0
0.8398638401144295	1.0
2.1282773736865814	1.0
2.6219900994771073	1.0
1.5155472437491995	1.0
0.43969868086554564	1.0
0.5282040623202432	1.0
2.3879981507828156	1.0
2.396455378085118	1.0
1.2704584556236294	1.0
0.9905871463710549	1.0
0.709005751323337	1.0
0.26149601684889334	1.0
1.4854902851787335	1.0
1.6010748695505073	1.0
0.540398579768495	1.0
2.400198704542215	1.0
2.796951755744036	1.0
2.9039401685843607	1.0
1.789091482085303	1.0
0.4902099472277596	1.0
3.0129703655934326	1.0
2.498322759451398	1.0
2.2048453451156265	1.0
0.3882012262781608	1.0
2.906174926806003	1.0
2.195581976276459	1.0
0.17765296052420324	1.0
2.5952495518067327	1.0
0.752837479812374	1.0
0.7021935282325515	1.0
1.7900912098262056	1.0
2.3843922060307405	1.0
1.8782204277121333	1.0
2.1210948830702017	1.0
2.0799757847455957	1.0
0.7585927755568115	1.0
1.170123277648048	1.0
0.005096745918499824	1.0
2.2665858035938493	1.0
2.26716973584583	1.0
0.6623663271497285	1.0
2.016374542267776	1.0
2.318000257620161	1.0
1.2924182578716816	1.0
1.103388007590923	1.0
0.5293291677198337	1.0
0.5633022504169924	1.0
2.195581976276459	1.0
2.720385399183723	1.0
0.7485990359482154	1.0
0.31958054981699285	1.0
2.391599162383324	1.0
0.7271995743861046	1.0
2.96393969306559	1.0
2.3959611892703716	1.0
2.6953881068766137	1.0
2.197816526726688	1.0
1.096790382207119	1.0
2.214729339534342	1.0
0.9263158059621901	1.0
0.4326030801716638	1.0
1.7130448837816155	1.0
2.7888934466652695	1.0
2.700388065210572	1.0
0.6665950288659559	1.0
0.6581378015636536	1.0
1.9581336719071856	1.0
2.0640060332777166	1.0
2.519586376207478	1.0
2.9670961106819225	1.0
1.7431018423520817	1.0
1.6275172579803077	1.0
2.6881935477623204	1.0
0.3967530512018211	1.0
0.5037414640421458	1.0
0.6111072224569116	1.0
1.9099887573144552	1.0
0.6127716610512178	1.0
0.09812405490918309	1.0
1.6781412575217454	1.0
2.7883999308203755	1.0
0.5059762222637874	1.0
0.20461672826575503	1.0
2.5778516650664187	1.0
0.19505084726451807	1.0
1.6473612247298406	1.0
3.1023922327747684	1.0
0.6101074947160092	1.0
0.01580649851147309	1.0
2.0047661749252383	1.0
0.2791038214720131	1.0
0.3202229197966189	1.0
3.124393827080573	1.0
2.7128633249893244	1.0
2.405295450460758	1.0
1.6164007990435223	1.0
0.13302896869638436	1.0
1.737832377392486	1.0
0.3838241622744388	1.0
1.5649863450172108	1.0
2.59056834476569	1.0
2.7795985950464486	1.0
2.9295278722620495	1.0
2.963500954959207	1.0
0.20461672826575503	1.0
0.32018669464150695	1.0
3.1343875666891585	1.0
2.0806181547252214	1.0
0.008599542158882296	1.0
3.127398278928311	1.0
0.5637409885233743	1.0
1.4870254133670007	1.0
0.29518940233439855	1.0
0.20238217781552675	1.0
1.3034083223350954	1.0
1.66825726310303	1.0
2.9566707966751826	1.0
2.8328017847138787	1.0
0.687153820760599	1.0
0.38869474212305444	1.0
0.30018936066835716	1.0
3.066793733408173	1.0
3.058336506105868	1.0
0.44206503263502883	1.0
1.818980569359655	1.0
0.1193876716652641	1.0
0.5668974061397056	1.0
0.6570968621901329	1.0
0.7726814465619071	1.0
0.28799484322010493	1.0
0.10698841284032488	1.0
1.0078602736587328	1.0
2.3067418085162763	1.0
0.21601860984939691	1.0
0.29862899629263767	1.0
1.2813882063199244	1.0
3.0980323251573902	1.0
0.10922317106196619	1.0
0.6013697794675766	1.0
2.9746047162682396	1.0
0.20170220393730395	1.0
2.0441142759316615	1.0
2.784040023202999	1.0
1.0068605459178301	1.0
0.41255954971329534	1.0
1.6080131237234176	1.0
0.6758568726738339	1.0
0.7169759709984401	1.0
2.7276407758787395	1.0
2.316110273787503	1.0
2.8020485016625796	1.0
1.2196477478417014	1.0
0.5297820198982056	1.0
2.1345854285943067	1.0
0.7805772134762599	1.0
1.1682332938153899	1.0
2.193815293563869	1.0
2.3828455438446277	1.0
2.9569043837157167	1.0
2.9229313010185582	1.0
0.6013697794675766	1.0
0.07656635656031274	1.0
2.7376345154873354	1.0
2.4773712059270423	1.0
0.4053525933607121	1.0
2.759033977049446	1.0
0.16698793732155354	1.0
1.0902723621651798	1.0
0.10156364886742217	1.0
0.5991352290173476	1.0
1.7001613735369165	1.0
1.271504211901209	1.0
2.559917745473361	1.0
3.053630471263887	1.0
1.08390687196242	1.0
0.008058309078753672	1.0
0.09656369053346482	1.0
2.819638522569595	1.0
2.828095749871897	1.0
0.83881808383685	1.0
1.422227518157834	1.0
0.2773653795365573	1.0
0.17014435493788463	1.0
1.053849913391954	1.0
1.169434497763728	1.0
0.1087582079817166	1.0
1.1148486864990577	1.0
2.4137302213566008	1.0
0.10903019700907186	1.0
0.40561740913296274	1.0
1.1743997934795996	1.0
2.9910439123170645	1.0
0.0022347582216222387	1.0
0.7083581923079016	1.0
3.0815931291085663	1.0
0.3086906167776283	1.0
2.1511026887719864	1.0
2.6770516103626747	1.0
1.113848958758155	1.0
0.5195479625536201	1.0
1.5010247108830927	1.0
0.7828452855141588	1.0
0.8239643838387649	1.0
2.620652363038414	1.0
2.2091218609471777	1.0
2.9090369145029045	1.0
1.1126593350013765	1.0
0.6367704327385305	1.0
2.2415738414346316	1.0
0.8875656263165848	1.0
1.061244880975065	1.0
2.086826880723544	1.0
2.2758571310043028	1.0
2.849915970875392	1.0
2.815942888178233	1.0
0.7083581923079016	1.0
0.18355476940063767	1.0
2.6306461026470105	1.0
2.584359618767367	1.0
0.5123410062010371	1.0
2.652045564209121	1.0
0.05999952448122693	1.0
0.9832839493248549	1.0
0.2085520617077473	1.0
0.7061236418576726	1.0
1.8071497863772414	1.0
1.164515799060884	1.0
2.452929332633036	1.0
2.946642058423562	1.0
1.190895284802745	1.0
0.11504672191909102	1.0
0.20355210337378854	1.0
2.7126501097292697	1.0
2.721107337031572	1.0
0.945806496677175	1.0
1.3152391053175094	1.0
0.3843537923768825	1.0
0.0631559420975577	1.0
1.160838326232279	1.0
1.276422910604053	1.0
0.21574662082204055	1.0
1.2988815348575433	1.0
1.2238788835081293	1.0
0.7092312773660949	1.0
2.289248479978657	1.0
2.177292708363464	1.0
1.1170834447206994	1.0
0.4064904941911553	1.0
1.9667444426095069	1.0
0.8061580697214294	1.0
1.036254002272929	1.0
2.4912850103178545	1.0
0.0009997277409726426	1.0
0.5953007239454373	1.0
2.6158733973821504	1.0
0.3320034009848993	1.0
0.29088430266029286	1.0
2.547684257642115	1.0
2.959214759733352	1.0
1.7941882280038466	1.0
2.227508021500434	1.0
0.4780782537605271	1.0
1.1267251549355741	1.0
0.22728306018247244	1.0
2.1760935674741226	1.0
3.0815097399569833	1.0
2.8924794896762256	1.0
2.318420649805137	1.0
2.3523937325022954	1.0
0.4064904941911553	1.0
0.9312939170984191	1.0
2.5376905180335183	1.0
1.4695109322683095	1.0
0.6025076802980208	1.0
2.5162910564714074	1.0
1.1748482109802862	1.0
2.0981326358239123	1.0
0.9062966247913105	1.0
0.4087250446413847	1.0
0.6923010998781837	1.0
2.2793644855599418	1.0
2.7154072880474933	1.0
2.221694562256967	1.0
0.07604659830368665	1.0
0.9998019645799663	1.0
0.9112965831252688	1.0
2.455686510951259	1.0
2.447229283648957	1.0
0.1690421898218823	1.0
2.430087791816567	1.0
0.7304948941221752	1.0
1.1780046285966177	1.0
0.04598963973321889	1.0
0.16157422410499522	1.0
0.899102065677017	1.0
2.5227604183656727	1.0
2.0081128122236382	1.0
2.695055292343386	1.0
0.8784111735059205	1.0
2.4159649795782427	1.0
1.7053720290486991	1.0
0.6678629077519634	1.0
2.1050396045789728	1.0
0.26262753258461463	1.0
1.1924034754603112	1.0
1.299881262598446	1.0
1.8941822588029806	1.0
2.368430374939893	1.0
1.6308849358424422	1.0
1.589765837517836	1.0
1.2488027227845715	1.0
1.6603332248758076	1.0
0.49530669314630305	1.0
2.7567957508216088	1.0
1.7769597886180704	1.0
0.1721563799219694	1.0
1.5261645950400162	1.0
2.8082102048479203	1.0
1.7826282050994413	1.0
1.5935979548186825	1.0
1.0195391149475936	1.0
1.0535121976447523	1.0
1.7053720290486991	1.0
2.230175451955963	1.0
1.2388089831759752	1.0
0.17062939741076608	1.0
1.901389215155564	1.0
1.2174095216138643	1.0
2.47372974583783	1.0
2.8861711364981306	1.0
2.2051781596488538	1.0
1.7076065794989284	1.0
0.6065804349793595	1.0
2.704939286762102	1.0
1.4165257531899498	1.0
0.9228130273994237	1.0
1.222834936553856	1.0
2.2986834994375096	1.0
2.210178117982812	1.0
1.1568049760937156	1.0
1.1483477487914133	1.0
1.467923724679426	1.0
2.554215980505476	1.0
2.0293764289797185	1.0
2.4768861634541612	1.0
1.252891895124322	1.0
1.137307310752548	1.0
2.19798360053456	1.0
0.5146476061420344	1.0
1.0653695964705279	1.0
2.882013715307993	1.0
0.10679543878742884	1.0
0.8173883893169736	1.0
3.0925619810619516	1.0
0.41772081378670023	1.0
2.2601328857810583	1.0
2.568021413353603	1.0
1.222879155767227	1.0
0.6285781595626919	1.0
1.3919945138740208	1.0
0.8918754825232306	1.0
0.9329945808478367	1.0
2.5116221660293427	1.0
2.100091663938106	1.0
3.0180671115119773	1.0
1.0036291379923046	1.0
0.7458006297476024	1.0
2.3506040384437035	1.0
0.9965958233256565	1.0
0.9522146839659932	1.0
1.9777966837144723	1.0
2.1668269339952313	1.0
2.7408857738663204	1.0
2.7069126911691614	1.0
0.8173883893169736	1.0
0.29258496640970943	1.0
2.5216159056379386	1.0
2.6933898157764395	1.0
0.6213712032101087	1.0
2.5430153672000495	1.0
0.049030672527841455	1.0
0.874253752315783	1.0
0.3175822587168189	1.0
0.8151538388667445	1.0
1.9161799833863133	1.0
1.0554856020518122	1.0
2.343899135623964	1.0
2.83761186141449	1.0
1.2999254818118169	1.0
0.22407691892816298	1.0
0.3125823003828604	1.0
2.603619912720198	1.0
2.6120771400225	1.0
1.0548366936862468	1.0
1.2062089083084375	1.0
0.49338398938595424	1.0
0.045874254911506894	1.0
1.269868523241351	1.0
1.3854531076131247	1.0
0.3247768178311121	1.0
1.580017202612562	1.0
2.886523985729559	1.0
0.407852167354604	1.0
0.3027407831749388	1.0
2.675975719975602	1.0
0.09692679235533509	1.0
1.745485279639024	1.0
3.082669019495639	1.0
0.7082315496251925	1.0
0.11393055342065793	1.0
1.9066421200160553	1.0
0.37722787638119626	1.0
0.4183469747058022	1.0
3.026269772171378	1.0
2.6147392700801406	1.0
2.5034195053699415	1.0
1.518276744134339	1.0
0.23115302360556791	1.0
1.8359564323016693	1.0
0.48194821718362213	1.0
1.4668622901080275	1.0
2.4924442898565067	1.0
2.6814745401372653	1.0
3.027651927171233	1.0
3.0616250098683904	1.0
0.3027407831749388	1.0
0.2220626397323237	1.0
3.036263511779974	1.0
2.1787422096344047	1.0
0.1067235970680737	1.0
3.0576629733420826	1.0
0.4656169336141912	1.0
1.3889013584578174	1.0
0.19706534742521511	1.0
0.3005062327247103	1.0
1.401532377244279	1.0
1.5701332081938466	1.0
2.8585467417659984	1.0
2.930925839623062	1.0
0.7852778756697824	1.0
0.29057068721387086	1.0
0.20206530575917322	1.0
3.1182675188622357	1.0
3.1267247461645296	1.0
0.5401890875442122	1.0
1.7208565144504717	1.0
0.021263616756083625	1.0
0.4687733512305222	1.0
0.7552209170993164	1.0
0.8708055014710904	1.0
0.1898707883109215	1.0
1.8166441188374656	1.0
1.1721650352579578	1.0
1.8827579857875014	1.0
2.027192384591422	1.0
1.4830904102572278	1.0
2.957682824928	1.0
1.5026518168830747	1.0
2.2882487522377546	1.0
1.6939477560332197	1.0
0.32662491740349314	1.0
1.9572450789937583	1.0
1.9983641773183645	1.0
1.4462525695588146	1.0
1.0347220674675783	1.0
2.1997485991970827	1.0
0.06174045847822552	1.0
1.8111702262181302	1.0
2.867211672265355	1.0
2.0619654197961843	1.0
0.11315491250453509	1.0
0.9124270872439446	1.0
1.1014573375247034	1.0
1.6755161773957923	1.0
1.6415430946986338	1.0
1.8827579857875014	1.0
1.3579545628802379	1.0
1.4562463091674107	1.0
2.52442589493262	1.0
1.6867407996806365	1.0
1.4776457707295216	1.0
1.114400268998371	1.0
0.19111584415474514	1.0
1.3829518551873468	1.0
1.8805234353372722	1.0
2.981549579856842	1.0
0.009883994418704543	1.0
1.2785295391534361	1.0
1.7722422649439624	1.0
2.3652950782823448	1.0
1.2894465153986907	1.0
1.3779518968533884	1.0
1.5382503162496703	1.0
1.5467075435519724	1.0
2.1202062901567746	1.0
0.1408393118379104	1.0
1.558753585856482	1.0
1.1112438513820393	1.0
2.3352381197118786	1.0
2.4508227040836523	1.0
1.3901464143016402	1.0
2.988809154095424	1.0
2.58378320255462	1.0
0.21054826575395658	1.0
2.9834507780848933	1.0
1.141038706090535	1.0
0.3139923019543906	1.0
2.1782924361043663	1.0
2.772593432308901	1.0
1.4900192014339724	1.0
2.5092961093483623	1.0
2.4681770110237564	1.0
0.37039154927865053	1.0
0.7819220513698871	1.0
0.3831044803596171	1.0
1.8783845773156886	1.0
2.6553709621239907	1.0
1.0505675534278895	1.0
2.4045757685459366	1.0
1.9297990313420001	1.0
0.904217031593521	1.0
0.7151867813127621	1.0
0.14112794144167348	1.0
0.17510102413883202	1.0
2.58378320255462	1.0
3.108586625461886	1.0
0.3603978096700547	1.0
0.707781776095154	1.0
2.779800388661484	1.0
0.3389983481079439	1.0
2.9310443878358368	1.0
2.0077599629922105	1.0
3.0835893331547757	1.0
2.586017753004849	1.0
1.4849916084852801	1.0
1.826528113256181	1.0
0.5381145796840293	1.0
0.044401853893503485	1.0
2.1012461100597766	1.0
3.1060906342361556	1.0
3.088589291488733	1.0
0.27839380258779467	1.0
0.26993657528549303	1.0
2.3463348981853462	1.0
1.675804806999556	1.0
2.9077876024856386	1.0
2.9278879702195058	1.0
2.1313030686302423	1.0
2.0157184842584686	1.0
3.0763947740404824	1.0
0.7105929505295431	1.0
3.0838278873302096	1.0
0.31092537499926975	1.0
2.1533374469936284	1.0
2.674816852141033	1.0
1.1160837169797966	1.0
0.521782720775262	1.0
1.498789952661451	1.0
0.7850800437358004	1.0
0.8261991420604065	1.0
2.6184176048167727	1.0
2.206887102725536	1.0
2.911271672724547	1.0
1.1104245767797347	1.0
0.639005190960172	1.0
2.2438085996562736	1.0
0.8898003845382264	1.0
1.0590101227534234	1.0
2.0845921225019026	1.0
2.273622372782661	1.0
2.8476812126537507	1.0
2.813708129956592	1.0
0.7105929505295431	1.0
0.18578952762227854	1.0
2.628411344425369	1.0
2.586594376989009	1.0
0.5145757644226785	1.0
2.6498108059874794	1.0
0.05776476625958345	1.0
0.981049191103213	1.0
0.2107868199293887	1.0
0.7083584000793143	1.0
1.8093845445988832	1.0
1.162281040839242	1.0
2.4506945744113944	1.0
2.94440730020192	1.0
1.1931300430243867	1.0
0.1172814801407321	1.0
0.20578686159543008	1.0
2.7104153515076286	1.0
2.7188725788099304	1.0
0.9480412548988165	1.0
1.3130043470958677	1.0
0.38658855059852376	1.0
0.06092118387591399	1.0
1.1630730844539208	1.0
1.2786576688256945	1.0
0.2179813790436817	1.0
2.373234936800663	1.0
0.39966757553027366	1.0
1.4427444964640848	1.0
2.8977755045090117	1.0
0.40549076645025306	1.0
0.18881022975428066	1.0
2.2093829031909946	1.0
0.0744870932062554	1.0
0.11560619153086252	1.0
2.954174751833272	1.0
2.9174800532550806	1.0
2.2006787221950024	1.0
1.8210175273092783	1.0
0.07158775956936823	1.0
1.53321564912673	1.0
0.17920743400868197	1.0
1.7696030732829668	1.0
2.7951850730314463	1.0
2.9842153233122053	1.0
2.724911143996293	1.0
2.7588842266934517	1.0
	1.0
0.524803422907263	1.0
2.944181012224675	1.0
1.8760014264594653	1.0
0.19601718610686383	1.0
2.922781550662564	1.0
0.7683577167891303	1.0
1.6916421416327565	1.0
0.49980613060015416	1.0
0.0022345504501453594	1.0
1.0987915940693394	1.0
1.872873991368786	1.0
3.121897782238663	1.0
2.628185056448123	1.0
0.4825370924948429	1.0
0.5933114703888104	1.0
0.5048060889341126	1.0
2.8621770051424154	1.0
2.853719777840113	1.0
0.23744830436927206	1.0
2.023597297625411	1.0
0.32400439993101926	1.0
0.7715141344054617	1.0
0.4524801339243767	1.0
0.5680647182961508	1.0
0.49261157148586093	1.0
2.7729025123309365	1.0
0.9304904403365779	1.0
0.5245405677083473	1.0
1.9677441703504095	1.0
2.5620451665549444	1.0
1.7005674671879294	1.0
2.298747843594406	1.0
2.2576287452697996	1.0
0.5809398150326074	1.0
0.992470317123844	1.0
0.17255621460565912	1.0
2.0889328430696454	1.0
2.444822696370034	1.0
0.8400192876739327	1.0
2.1940275027919798	1.0
2.140347297095957	1.0
1.1147652973474778	1.0
0.9257350470667189	1.0
0.3516762071956299	1.0
0.3856492898927884	1.0
2.373234936800663	1.0
2.898038359707927	1.0
0.5709460754240113	1.0
0.497233510341197	1.0
2.569252122907528	1.0
0.5495466138619007	1.0
	1.0
2.2183082287461673	1.0
2.8730410674008175	1.0
2.375469487250892	1.0
1.274443342731323	1.0
2.037076379010138	1.0
0.748662845437986	1.0
0.2549501196474597	1.0
1.8906978443058196	1.0
2.9665464071894743	1.0
2.878041025734776	1.0
0.488942068341752	1.0
0.48048484103944966	1.0
2.1357866324313894	1.0
1.8863530727535127	1.0
2.697239336731682	1.0
3.1384362359735265	1.0
1.9207548028762855	1.0
1.8051702185045115	1.0
2.8658465082865243	1.0
1.8424120719943584	1.0
2.9857422271403022	1.0
0.805158341980527	1.0
0.2108573457759926	1.0
1.8097153276607207	1.0
0.4741546687365308	1.0
0.515273767061137	1.0
2.929342979816042	1.0
2.517812477724806	1.0
2.600346297725276	1.0
1.4213499517790047	1.0
0.32807981596090297	1.0
1.9328832246570038	1.0
0.5788750095389568	1.0
1.369935497752693	1.0
2.395517497501172	1.0
2.5845477477819307	1.0
3.1245787195265673	1.0
3.1246335049558502	1.0
0.39966757553027366	1.0
0.12513584737698935	1.0
2.939336719424638	1.0
2.275669001989739	1.0
0.203650389423409	1.0
2.960736180986749	1.0
0.3686901412588565	1.0
1.2919745661024828	1.0
0.10013855506988237	1.0
0.39743302508004463	1.0
1.4984591695996132	1.0
1.473206415838512	1.0
2.761619949410664	1.0
3.0278526319783956	1.0
0.8822046680251169	1.0
0.19364389485853736	1.0
0.10513851340384044	1.0
3.0213407265068977	1.0
3.0297979538091986	1.0
0.6371158798995469	1.0
1.6239297220951374	1.0
0.07566317559925492	1.0
0.37184655887518814	1.0
0.852147709454651	1.0
0.9677322938264249	1.0
0.09294399595558839	1.0
1.4550310080449256	1.0
1.0372537300138316	1.0
1.6315547262183663	1.0
2.6310579075245073	1.0
1.3682574032578279	1.0
1.3271383049332217	1.0
1.5114302553691858	1.0
1.9229607574604222	1.0
0.7579342257309174	1.0
3.019423283406222	1.0
1.514332256033456	1.0
0.09047115266264535	1.0
1.2635370624554019	1.0
3.0708377374325337	1.0
2.0452557376840557	1.0
1.8562254874032968	1.0
1.2821666475322082	1.0
1.3161397302293667	1.0
1.4427444964640848	1.0
1.9675479193713483	1.0
1.5014365157605896	1.0
0.4332569299953803	1.0
1.6387616825709497	1.0
1.4800370541984786	1.0
2.2111022132532154	1.0
3.1343866380968444	1.0
1.9425506270642392	1.0
1.4449790469143138	1.0
0.3439529023947451	1.0
2.967566819346717	1.0
1.6791532857745641	1.0
1.185440559984038	1.0
0.9602074039692415	1.0
2.0360559668528952	1.0
1.9475505853981976	1.0
1.4194325086783302	1.0
1.4109752813760277	1.0
1.2052961920948115	1.0
2.81684351309009	1.0
1.7667488963951041	1.0
2.214258630869547	1.0
0.9902643625397074	1.0
0.8746797781679337	1.0
1.935356067949946	1.0
2.4922847380587574	1.0
3.0865857342632923	1.0
1.1760268994795815	1.0
2.8232884113027534	1.0
2.7821693129781475	1.0
0.05639924732425674	1.0
0.46792974941549614	1.0
0.6970967823140077	1.0
1.5643922753612978	1.0
2.9693632640783822	1.0
1.3645598553822804	1.0
2.7185680705003277	1.0
1.6158067293876093	1.0
0.59022472963913	1.0
0.4011944793583714	1.0
0.17286436051271697	1.0
0.13889127781555863	1.0
2.8977755045090117	1.0
2.860606379763313	1.0
0.04640550771566241	1.0
1.0217740780495448	1.0
3.0937926906158744	1.0
0.025006046153547953	1.0
2.617052085881446	1.0
1.6937676610378194	1.0
2.8856036720704217	1.0
2.90001005495924	1.0
1.7989839104396708	1.0
1.5125358113017902	1.0
0.22412227772963733	1.0
0.26959044806088733	1.0
2.4152384120141672	1.0
2.792098332281766	1.0
2.880603713736463	1.0
0.0355984993665941	1.0
0.044055726668896386	1.0
2.660327200139738	1.0
1.361812505045165	1.0
3.061405402739556	1.0
2.613895668265114	1.0
2.4452953705846334	1.0
2.329710786212859	1.0
2.8927982311847154	1.0
0.5943009962045349	1.0
2.6148736696412476	1.0
0.3310036732439969	1.0
0.2898845749193902	1.0
2.5486839853830174	1.0
2.9602144874742544	1.0
1.7951879557447492	1.0
2.2265082937595313	1.0
0.47707852601962447	1.0
1.1277248826764767	1.0
0.22628333244157023	1.0
2.17509383973322	1.0
3.0825094676978866	1.0
2.893479217417128	1.0
2.3194203775460394	1.0
2.3533934602431983	1.0
0.40549076645025306	1.0
0.9302941893575167	1.0
2.538690245774421	1.0
1.4705106600092122	1.0
0.6015079525571181	1.0
2.5172907842123102	1.0
1.1738484832393836	1.0
2.09713290808301	1.0
0.905296897050408	1.0
0.40772531690048236	1.0
0.6933008276190862	1.0
2.2783647578190394	1.0
2.716407015788396	1.0
2.22269428999787	1.0
0.07704632604459075	1.0
0.9988022368390638	1.0
0.9102968553843662	1.0
2.4566862386921615	1.0
2.4482290113898593	1.0
0.16804246208097964	1.0
2.429088064075664	1.0
0.7294951663812724	1.0
1.177004900855715	1.0
0.04698936747412266	1.0
0.16257395184589793	1.0
0.8981023379361144	1.0
2.0205726734367127	1.0
0.2632973229605389	1.0
0.30441642128514473	1.0
3.1402003255920645	1.0
2.7286698235007982	1.0
2.389488951949284	1.0
1.6322072975549966	1.0
0.11722247018491008	1.0
1.7220258788810117	1.0
0.3680176637629646	1.0
1.580792843528685	1.0
2.6063748432771643	1.0
2.795405093557923	1.0
2.9137213737505743	1.0
2.9476944564477323	1.0
0.18881022975428066	1.0
0.33599319315298165	1.0
3.1329912419789494	1.0
2.064811656213747	1.0
0.007206956352585828	1.0
3.111591780416845	1.0
0.5795474870348489	1.0
1.502831911878475	1.0
0.3109959008458733	1.0
0.186575679304053	1.0
1.2876018238236213	1.0
1.6840637616145042	1.0
2.9724772951866565	1.0
2.8169952862024044	1.0
0.671347322249125	1.0
0.40450124063452897	1.0
0.31599585917983114	1.0
3.050987234896696	1.0
3.0425300075943933	1.0
0.42625853412355463	1.0
1.8347870678711293	1.0
0.13519417017673893	1.0
0.5827039046511803	1.0
0.6412903636786589	1.0
0.7568749480504328	1.0
0.30380134173157963	1.0
2.283869996397251	1.0
2.3249890947218574	1.0
1.1196276521553215	1.0
0.708097150064085	1.0
1.8731236817935897	1.0
0.38836537588171643	1.0
2.137795143621623	1.0
2.540586754861862	1.0
2.3885903371996773	1.0
0.439779829908028	1.0
0.5858021698404516	1.0
0.7748324201212105	1.0
1.348891259992299	1.0
1.3149181772951406	1.0
2.2093829031909946	1.0
1.6845794802837308	1.0
1.1296213917639177	1.0
2.197800977529127	1.0
2.0133657170841297	1.0
1.1510208533260287	1.0
1.441025186401864	1.0
0.5177407615582378	1.0
1.70957677259084	1.0
2.2071483527407656	1.0
2.975010809919253	1.0
0.3365089118222082	1.0
0.9519046217499431	1.0
1.4456173475404692	1.0
2.6919199956858377	1.0
1.616071432802184	1.0
1.7045768142568816	1.0
1.2116253988461771	1.0
1.2200826261484796	1.0
2.446831207560268	1.0
0.18578560556558407	1.0
1.885378503259975	1.0
1.4378687687855325	1.0
2.661863037115372	1.0
2.7774476214871457	1.0
1.7167713317051332	1.0
0.04111909832460679	1.0
2.879687658627014	1.0
2.991967146461337	1.0
2.1261916289887455	1.0
1.895504620515535	1.0
0.14607485277562804	1.0
1.4587285559204732	1.0
0.10472034080242737	1.0
1.8440901664892237	1.0
2.8696721662377023	1.0
3.0587024165184604	1.0
2.650424050790036	1.0
2.6843971334871943	1.0
0.0744870932062554	1.0
0.5992905161135202	1.0
2.869693919018417	1.0
1.8015143332532084	1.0
0.2705042793131223	1.0
2.8482944574563063	1.0
0.8428448099953875	1.0
1.7661292348390134	1.0
0.5742932238064117	1.0
0.07672164365648772	1.0
1.0243045008630827	1.0
1.9473610845750426	1.0
3.047410689032392	1.0
2.553697963241866	1.0
0.4080499992885867	1.0
0.6677985635950674	1.0
0.5792931821403698	1.0
2.7876899119361576	1.0
2.7792326846338558	1.0
0.16296121116301618	1.0
2.098084390831668	1.0
0.3984914931372765	1.0
0.8460012276117187	1.0
0.37799304071812007	1.0
0.4935776250898943	1.0
0.567098664692118	1.0
2.8385685603024076	1.0
3.033086244785943	1.0
2.0850725306641396	1.0
1.9366237188401414	1.0
0.18719395110023426	1.0
1.4176094575958669	1.0
0.0636012424778204	1.0
1.8852092648138299	1.0
2.910791264562309	1.0
3.099821514843066	1.0
2.60930495246543	1.0
2.6432780351625884	1.0
0.11560619153086252	1.0
0.6404096144381265	1.0
2.8285748206938113	1.0
1.7603952349286023	1.0
0.31162337763772835	1.0
2.8071753591317	1.0
0.8839639083199936	1.0
1.8072483331636198	1.0
0.6154123221310177	1.0
0.11784074198109203	1.0
0.9831854025384765	1.0
1.988480182899649	1.0
3.0062915907077863	1.0
2.5125788649172596	1.0
0.36693090096398046	1.0
0.7089176619196735	1.0
0.6204122804649761	1.0
2.7465708136115516	1.0
2.7381135863092494	1.0
0.12184211283840952	1.0
2.139203489156274	1.0
0.4396105914618825	1.0
0.887120325936325	1.0
0.33687394239351387	1.0
0.452458526765288	1.0
0.6082177630167244	1.0
0.4115305020912359	1.0
0.7534960296382679	1.0
1.5079930280370377	1.0
3.025762511402643	1.0
1.4209591027065405	1.0
2.774967317824588	1.0
1.5594074820633492	1.0
0.5338254823148699	1.0
0.3447952320341109	1.0
0.229263607836977	1.0
0.1952905251398188	1.0
2.954174751833272	1.0
2.8042071324390534	1.0
0.009993739608578824	1.0
1.078173325373805	1.0
3.1329933692394607	1.0
0.03139320117070525	1.0
2.5606528385571856	1.0
1.6373684137135593	1.0
2.829204424746162	1.0
2.956409302283501	1.0
1.855383157763931	1.0
1.45613656397753	1.0
0.1677230304053768	1.0
0.3259896953851474	1.0
2.4716376593384277	1.0
2.735699084957506	1.0
2.824204466412203	1.0
0.09199774669085492	1.0
0.10045497399315702	1.0
2.716726447463998	1.0
1.3054132577209048	1.0
3.005006155415298	1.0
2.557496420940854	1.0
2.5016946179088935	1.0
2.3861100335371197	1.0
2.8363989838604553	1.0
1.1650265317295043	1.0
1.0964625259458014	1.0
2.845892293685709	1.0
1.832489604797777	1.0
3.096687487263766	1.0
1.1478769799721127	1.0
0.12229498022363315	1.0
0.0667352700571251	1.0
0.6407941099282137	1.0
0.6068210272310552	1.0
2.9174800532550806	1.0
2.3926766303478164	1.0
0.42152424169983227	1.0
1.4897038274650416	1.0
2.721462867148215	1.0
0.4429237032619432	1.0
2.149122336465949	1.0
1.225837911622323	1.0
2.417673922654925	1.0
2.9152455028048516	1.0
2.2669136598551676	1.0
1.0446060618862936	1.0
0.2438074716858568	1.0
0.737520197476384	1.0
2.8831681614296643	1.0
2.3241685828662693	1.0
2.412673964320967	1.0
0.5035282487820919	1.0
0.5119854760843942	1.0
3.128256949555248	1.0
0.8938827556296686	1.0
2.593475653324061	1.0
2.1459659188496176	1.0
2.9132251200001305	1.0
2.7976405356283562	1.0
2.4248684817692188	1.0
2.261489057675306	1.0
2.272266481764374	1.0
0.6674630730682721	1.0
2.0214712881863193	1.0
2.3129035117016175	1.0
1.287321511953138	1.0
1.0982912616723794	1.0
0.5242324218012903	1.0
0.558205504498449	1.0
2.2006787221950024	1.0
2.7254821451022666	1.0
0.7435022900296718	1.0
0.324677295735536	1.0
2.3966959083018673	1.0
0.722102828467561	1.0
2.969036438984134	1.0
2.390864443351828	1.0
2.700484852795157	1.0
2.2029132726452314	1.0
1.1018871281256626	1.0
2.2096325936157983	1.0
0.9212190600436464	1.0
0.4275063342531202	1.0
1.718141629700159	1.0
2.7939901925838133	1.0
2.705484811129115	1.0
0.6614982829474122	1.0
0.6530410556451101	1.0
1.9632304178257292	1.0
2.0589092873591732	1.0
2.5246831221260218	1.0
2.9721928566004654	1.0
1.7481985882706252	1.0
1.6326140038988513	1.0
2.693290293680864	1.0
1.749429767739907	1.0
2.928952130743578	1.0
2.000224961317961	1.0
0.051414454026314144	1.0
0.9741675457221678	1.0
1.1631977960029267	1.0
1.7372566358740154	1.0
1.7032835531768569	1.0
1.8210175273092783	1.0
1.2962141044020148	1.0
1.517986767645634	1.0
2.5861663534108428	1.0
1.6250003412024134	1.0
1.5393862292077447	1.0
1.0526598105201477	1.0
0.129375385676523	1.0
1.3212113967091237	1.0
1.818782976859049	1.0
2.919809121378618	1.0
0.05185646405950755	1.0
1.3402699976316592	1.0
1.8339827234221853	1.0
2.3035546198041215	1.0
1.2277060569204676	1.0
1.3162114383751653	1.0
1.5999907747278934	1.0
1.6084480020301957	1.0
2.0584658316785513	1.0
0.20257977031613408	1.0
1.497013127378259	1.0
1.0495033929038162	1.0
2.2734976612336557	1.0
2.3890822456054295	1.0
1.3284059558234171	1.0
1.6048034086961012	1.0
0.2507951935780542	1.0
1.6980153137135956	1.0
2.723597313462075	1.0
2.9126275637428334	1.0
2.796498903565664	1.0
2.8304719862628227	1.0
0.07158775956936823	1.0
0.4532156633378918	1.0
3.015768771794045	1.0
1.9475891860288366	1.0
0.124429426537494	1.0
2.994369310231935	1.0
0.6967699572197592	1.0
1.6200543820633855	1.0
0.4282183710307833	1.0
0.06935320911914054	1.0
1.1703793536387108	1.0
1.8012862317994147	1.0
3.08969976537157	1.0
2.6997728160174943	1.0
0.5541248520642144	1.0
0.5217237108194392	1.0
0.4332183293647417	1.0
2.9337647647117864	1.0
2.9253075374094832	1.0
0.3090360639386438	1.0
1.9520095380560398	1.0
0.25241664036164835	1.0
0.6999263748360905	1.0
0.524067893493748	1.0
0.6396524778655222	1.0
0.4210238119164897	1.0
1.354008215118047	1.0
2.9803665847698895	1.0
1.9547845850214105	1.0
1.7657543347406517	1.0
1.1916954948695628	1.0
1.2256685775667213	1.0
1.53321564912673	1.0
2.0580190720339937	1.0
1.4109653630979442	1.0
0.3427857773327351	1.0
1.7292328352335948	1.0
1.3895659015358333	1.0
2.3015733659158606	1.0
3.0583275164201	1.0
2.0330217797268846	1.0
1.5354501995769592	1.0
0.4344240550573901	1.0
2.877095666684071	1.0
1.588682133111919	1.0
1.0949694073213927	1.0
1.0506785566318868	1.0
2.1265271195155404	1.0
2.0380217380608427	1.0
1.3289613560156848	1.0
1.3205041287133825	1.0
1.2957673447574567	1.0
2.7263723604274452	1.0
1.8572200490577493	1.0
2.304729783532192	1.0
1.0807355152023528	1.0
0.9651509308305788	1.0
2.0258272206125914	1.0
1.9488105072916497	1.0
2.974392507040129	1.0
3.119762549858698	1.0
2.54570370998761	1.0
2.5796767926847686	1.0
0.17920743400868197	1.0
0.7040108569159463	1.0
2.7649735782159914	1.0
1.6967939924507824	1.0
0.37522462011554786	1.0
2.7435741166538805	1.0
0.9475651507978134	1.0
1.8708495756414396	1.0
0.6790135646088375	1.0
0.1814419844589118	1.0
0.9195841600606565	1.0
2.052081425377469	1.0
2.9426903482299664	1.0
2.4489776224394397	1.0
0.30332965848616006	1.0
0.7725189043974934	1.0
0.6840135229427958	1.0
2.682969571133732	1.0
2.6745123438314296	1.0
0.058240870360586915	1.0
2.202804731634094	1.0
0.5032118339397024	1.0
0.9507215684141448	1.0
0.2732726999156935	1.0
0.38885728428746774	1.0
0.671819005494544	1.0
1.0255819997484792	1.0
1.214612250029238	1.0
1.7886710899003269	1.0
1.7546980072031684	1.0
1.7696030732829668	1.0
1.2447996503757033	1.0
1.5694012216719453	1.0
2.6375808074371543	1.0
1.573585887176102	1.0
1.5908006832340562	1.0
1.0012453564938362	1.0
0.07796093165021119	1.0
1.2697969426828124	1.0
1.7673685228327376	1.0
2.8683946673523066	1.0
0.10327091808581847	1.0
1.3916844516579707	1.0
1.885397177448497	1.0
2.25214016577781	1.0
1.1762916028941564	1.0
1.2647969843488538	1.0
1.651405228754205	1.0
1.6598624560565072	1.0
2.0070513776522403	1.0
0.2539942243424447	1.0
1.4455986733519475	1.0
0.9980889388775048	1.0
2.222083207207344	1.0
2.337667791579118	1.0
1.2769915017971056	1.0
0.18903025028075968	1.0
0.7630890901518477	1.0
0.7291160074546891	1.0
2.7951850730314463	1.0
2.2703816501241825	1.0
0.5438192219234661	1.0
1.611998807688675	1.0
2.599167886924581	1.0
0.5652186834855771	1.0
2.0268273562423156	1.0
1.1035429313986893	1.0
2.295378942431291	1.0
2.792950522581217	1.0
2.389208640078801	1.0
0.9223110816626601	1.0
0.3661024519094914	1.0
0.8598151777000178	1.0
3.0054631416532964	1.0
2.2018736026426353	1.0
2.290378984097333	1.0
0.6258232290057258	1.0
0.6342804563080282	1.0
3.0326333774007197	1.0
0.7715877754060351	1.0
2.4711806731004264	1.0
2.023670938625984	1.0
3.035520100223764	1.0
2.9199355158519893	1.0
2.302573501545585	1.0
0.5740588398710889	1.0
0.5400857571739306	1.0
2.9842153233122053	1.0
2.459411900404941	1.0
0.3547889716427075	1.0
1.4229685574079163	1.0
2.7881981372053395	1.0
0.3761884332048185	1.0
2.215857606523074	1.0
1.2925731816794483	1.0
2.48440919271205	1.0
2.9819807728619754	1.0
2.200178389798042	1.0
1.1113413319434189	1.0
0.17707220162873252	1.0
0.6707849274192589	1.0
2.816432891372538	1.0
2.3909038529233944	1.0
2.479409234378092	1.0
0.436792978724967	1.0
0.4452502060272693	1.0
3.0615216794981097	1.0
0.9606180256867939	1.0
2.660210923381185	1.0
2.2127011889067427	1.0
2.8464898499430045	1.0
2.7309052655712307	1.0
2.491603751826344	1.0
0.03397308269715974	1.0
2.724911143996293	1.0
3.0334707402760315	1.0
0.21926986822838132	1.0
0.8489097175368274	1.0
2.9209283301031572	1.0
0.19787040666627068	1.0
2.7899164463941633	1.0
1.866632021550537	1.0
3.058468032583139	1.0
2.727145694446522	1.0
1.6261195499269532	1.0
1.6854001718145077	1.0
0.3969866382423559	1.0
0.09672608754817046	1.0
2.2423740515014496	1.0
2.9649626927944834	1.0
3.0534680742491807	1.0
0.13726586114612224	1.0
0.12880863384381905	1.0
2.4874628396270198	1.0
1.5346768655578826	1.0
3.048915543927313	1.0
2.7867600287778322	1.0
2.272431010071916	1.0
2.1568464257001416	1.0
3.0656625916974325	1.0
2.7588842266934517	1.0
2.999497657578872	1.0
0.1852967855312226	1.0
0.8828828002339859	1.0
2.954901412800316	1.0
0.16389732396911263	1.0
2.7559433636970048	1.0
1.8326589388533785	1.0
3.02449494988598	1.0
2.7611187771436803	1.0
1.6600926326241117	1.0
1.6514270891173493	1.0
0.36301355554519726	1.0
0.13069917024532868	1.0
2.276347134198608	1.0
2.9309896100973245	1.0
3.0194949915520213	1.0
0.10329277844896331	1.0
0.09483555114666178	1.0
2.5214359223241782	1.0
1.500703782860724	1.0
3.08288862662447	1.0
2.7527869460806738	1.0
2.3064040927690743	1.0
2.1908195083973	1.0
3.031689509000274	1.0
0.524803422907263	1.0
2.944181012224675	1.0
1.8760014264594653	1.0
0.19601718610686383	1.0
2.922781550662564	1.0
0.7683577167891303	1.0
1.6916421416327565	1.0
0.49980613060015416	1.0
0.0022345504501453594	1.0
1.0987915940693394	1.0
1.872873991368786	1.0
3.121897782238663	1.0
2.628185056448123	1.0
0.4825370924948429	1.0
0.5933114703888104	1.0
0.5048060889341126	1.0
2.8621770051424154	1.0
2.853719777840113	1.0
0.23744830436927206	1.0
2.023597297625411	1.0
0.32400439993101926	1.0
0.7715141344054617	1.0
0.4524801339243767	1.0
0.5680647182961508	1.0
0.49261157148586093	1.0
2.8142008720476492	1.0
2.400804849366729	1.0
0.3287862368003986	1.0
2.8356003336097597	1.0
0.24355429388186603	1.0
1.166838718725493	1.0
0.024997292307099152	1.0
0.5225688724570343	1.0
1.6235950169766031	1.0
1.3480705684615224	1.0
2.6364841020336742	1.0
3.130196827824212	1.0
1.0073405154021067	1.0
0.06850804748154445	1.0
0.019997333973140144	1.0
2.8962048791299093	1.0
2.9046621064322107	1.0
0.7622517272765366	1.0
1.4987938747181475	1.0
0.2007990229762435	1.0
0.2467107114981973	1.0
0.9772835568316407	1.0
1.0928681412034145	1.0
0.03219185142139607	1.0
1.068179585765209	1.0
3.140198198331601	1.0
0.021399461562114547	1.0
2.570646578165782	1.0
1.6473621533221556	1.0
2.839198164354758	1.0
2.946415562674904	1.0
1.8453894181553347	1.0
1.4661303035861264	1.0
0.17771677001397362	1.0
0.31599595577655176	1.0
2.461643919729831	1.0
2.7456928245661016	1.0
2.8341982060207997	1.0
0.08200400708226029	1.0
0.0904612343845623	1.0
2.706732707855401	1.0
1.315406997329501	1.0
3.0149998950238928	1.0
2.5674901605494505	1.0
2.491700878300297	1.0
2.3761162939285234	1.0
2.8463927234690516	1.0
2.0720186125663305	1.0
1.046780124203098	1.0
2.6443591432485962	1.0
2.7155417390873646	1.0
2.37580755705962	1.0
1.8782359769096946	1.0
0.7772098323901255	1.0
2.5343098893513356	1.0
1.2458963557791836	1.0
0.7521836299886573	1.0
1.393464333964622	1.0
2.469312896848276	1.0
2.3808075153935784	1.0
0.9861755786829492	1.0
0.9777183513806472	1.0
1.638553122090192	1.0
2.38358658309471	1.0
2.200005826390485	1.0
2.6475155608649277	1.0
1.423521292535088	1.0
1.3079367081633142	1.0
2.3686129979453265	1.0
3.1187987367694294	1.0
0.5723405306822655	1.0
1.4956249555258918	1.0
0.3037889444932895	1.0
0.19378263565663612	1.0
1.2948087801762045	1.0
1.676856805261921	1.0
2.965270338834073	1.0
2.8242022425549873	1.0
0.6785542786017082	1.0
0.3972942842819458	1.0
0.3087889028272479	1.0
3.05819419124928	1.0
3.0497369639469767	1.0
0.433465490476138	1.0
1.8275801115185462	1.0
0.1279872138241543	1.0
0.5754969482985971	1.0
0.648497320031242	1.0
0.764081904403016	1.0
0.29659438537899596	1.0
2.5920460397278924	1.0
1.6687616148842666	1.0
2.8605976259168684	1.0
2.925016101112793	1.0
1.8239899565932238	1.0
1.4875297651482373	1.0
0.19911623157608527	1.0
0.29459649421444095	1.0
2.44024445816772	1.0
2.7670922861282126	1.0
2.8555976675829102	1.0
0.06060454552014758	1.0
0.06906177282245128	1.0
2.68533324629329	1.0
1.336806458891612	1.0
3.036399356586003	1.0
2.5888896221115614	1.0
2.4703014167381863	1.0
2.354716832366412	1.0
2.867792185031162	1.0
0.9232844248436262	1.0
0.26855158618897557	1.0
0.7661231663389012	1.0
1.8671493108584702	1.0
1.1045162745796553	1.0
2.3929298081518073	1.0
2.8866425339423336	1.0
1.2508948092839738	1.0
0.17504624640031907	1.0
0.2635516278550173	1.0
2.652650585248041	1.0
2.661107812550344	1.0
1.0058060211584037	1.0
1.2552395808362806	1.0
0.44435331685811125	1.0
0.003156417616266889	1.0
1.2208378507135078	1.0
1.3364224350852816	1.0
0.275746145303269	1.0
1.191836011032602	1.0
1.6894075911825275	1.0
2.7904337357020963	1.0
0.18123184973602818	1.0
1.4696453833081808	1.0
1.9633581090987071	1.0
2.1741792341276	1.0
1.098330671243946	1.0
1.1868360526986437	1.0
1.729366160404415	1.0
1.7378233877067173	1.0
1.92909044600203	1.0
0.33195515599265474	1.0
1.3676377417017374	1.0
0.9201280072272945	1.0
2.144122275557134	1.0
2.259706859928908	1.0
1.1990305701468955	1.0
0.4975715801499252	1.0
1.5985977246694942	1.0
1.3730678607686313	1.0
2.6614813943407833	1.0
3.1279911870482753	1.0
0.9823432230949978	1.0
0.09350533978865588	1.0
0.004999958333960174	1.0
2.9212021714370175	1.0
2.9296593987393194	1.0
0.7372544349694276	1.0
1.5237911670252566	1.0
0.17580173066913535	1.0
0.2717080038053069	1.0
0.9522862645245318	1.0
1.0678708488963058	1.0
0.007194559114276545	1.0
1.1010261445195686	1.0
1.8706394409185567	1.0
3.1241323326888897	1.0
2.630419606898352	1.0
0.4847716429450721	1.0
0.5910769199385812	1.0
0.5025715384838838	1.0
2.864411555592644	1.0
2.8559543282903417	1.0
0.2396828548195018	1.0
2.021362747175182	1.0
0.32176984948079024	1.0
0.7692795839552325	1.0
0.45471468437460627	1.0
0.57029926874638	1.0
0.49037702103563185	1.0
2.9716655854381275	1.0
2.0231061881693093	1.0
1.529393462378783	1.0
0.6162545015744962	1.0
1.69210306445815	1.0
1.6035976830034524	1.0
1.7633854110730751	1.0
1.7549281837707729	1.0
0.8613432897000661	1.0
3.122388891694747	1.0
1.422795994000359	1.0
1.8703057284748017	1.0
0.6463114601449622	1.0
0.5307268757731883	1.0
1.5914031655552008	1.0
1.2884135335721516	1.0
1.7821262593626779	1.0
2.355411083863629	1.0
1.2795625209799752	1.0
1.368067902434673	1.0
1.5481343106683858	1.0
1.556591537970688	1.0
2.110322295738059	1.0
0.15072330625662525	1.0
1.5488695914377666	1.0
1.1013598569633236	1.0
2.3253541252931633	1.0
2.440938709664937	1.0
1.3802624198829245	1.0
0.4937127257905261	1.0
2.639360689743806	1.0
2.5679760545521275	1.0
2.6564814360068247	1.0
0.2597207770962336	1.0
0.26817800439853595	1.0
2.8844494778693766	1.0
1.1376902273155265	1.0
2.8372831250099186	1.0
2.389773390535476	1.0
2.6694176483142718	1.0
2.553833063942498	1.0
2.6686759534550766	1.0
2.1456479639532797	1.0
3.061688780342654	1.0
3.132991145382226	1.0
0.2339919486942921	1.0
0.22553472139198963	1.0
2.39073675207885	1.0
1.6314029531060525	1.0
2.9521894563791418	1.0
2.883486116326002	1.0
2.1757049225237455	1.0
2.0601203381519717	1.0
3.120796627933988	1.0
1.0758485628836536	1.0
0.9873431814289562	1.0
2.3796399126475714	1.0
2.371182685345269	1.0
0.24508878812556925	1.0
2.506134390120254	1.0
0.8065414924258626	1.0
1.2540512269003052	1.0
0.03005695857046545	1.0
0.08552762580130764	1.0
0.9751486639807044	1.0
0.08850538145469668	1.0
2.8276968316483613	1.0
2.836154058950663	1.0
0.8307597747580837	1.0
1.4302858272366006	1.0
0.26930707045779145	1.0
0.17820266401665044	1.0
1.0457916043131876	1.0
1.1613761886849616	1.0
0.10069989890294823	1.0
2.9162022131030594	1.0
2.9246594404053603	1.0
0.742254393303386	1.0
1.5187912086912982	1.0
0.1808016890030937	1.0
0.26670804547134846	1.0
0.9572862228584901	1.0
1.072870807230264	1.0
0.012194517448246586	1.0
0.008457227302310662	1.0
2.624728700773142	1.0
1.3974110044117607	1.0
3.097003902106151	1.0
2.64949416763171	1.0
2.4096968712180376	1.0
2.294112286846264	1.0
2.928396730551311	1.0
2.616271473470839	1.0
1.4058682317140627	1.0
3.1054611294084515	1.0
2.6579513949340123	1.0
2.4012396439157353	1.0
2.2856550595439615	1.0
2.936853957853612	1.0
2.2610456019946845	1.0
0.5614527043002924	1.0
1.0089624387747351	1.0
0.21503182955510314	1.0
0.3306164139268776	1.0
0.7300598758551343	1.0
1.6995928976943917	1.0
1.2520831632199492	1.0
2.4760774315497884	1.0
2.591662015921562	1.0
1.5309857261395499	1.0
0.4475097344744425	1.0
0.7764845338553965	1.0
0.8920691182271705	1.0
0.1686071715548412	1.0
1.223994268329839	1.0
1.339578852701613	1.0
0.2789025629196001	1.0
0.11558458437177264	1.0
0.9450917054102383	1.0
1.0606762897820123	1.0
2.2907902311353707	3.0
3.040607330121573	3.0
0.7498170989862012	3.0
0.3620380558601273	4.0
2.8878025718820233	5.0
1.9230112154211643	5.0
2.430324440559551	5.0
0.5291853276472432	5.0
0.9647913564608592	5.0
0.4574781313224719	5.0
2.8661974076503203	5.0
0.5073132251383871	5.0
2.452196543068408	5.0
2.959509768206795	5.0
2.4771869628203187	6.0
1.7191080633062137	7.0
2.032868328222641	7.0
0.3137602649164267	7.0
2.6908233515728215	8.0
2.061548915812022	8.0
0.9816321243700622	8.0
0.629274435760799	8.0
1.7091912272027587	8.0
1.0799167914419596	8.0
0.7828589833030678	9.0
1.4561916387359182	9.0
1.605452138343118	9.0
1.891903534510696	9.0
0.6733326554328507	9.0
2.3883111216461854	9.0
2.6747625178137633	9.0
3.0616437770790355	9.0
2.9350901339329725	9.0
0.2864513961675781	9.0
0.3160715281509214	10.0
0.46332800880249525	10.0
2.641588294426273	10.0
1.5076876145118232	10.0
0.7793995369534163	10.0
2.3255167662753524	10.0
1.8237591426627442	10.0
3.1049163032287668	10.0
1.044359605709328	10.0
2.1339093982414896	10.0
2.291092898407475	11.0
3.0811517303464604	11.0
2.6705286854847703	11.0
0.7900588319389867	11.0
0.3794357870772949	11.0
0.41062304486169127	11.0
1.6784861976277174	12.0
2.746910973615877	13.0
0.8187115726579618	13.0
1.9281994009579153	13.0
2.1804270519856197	14.0
1.6766859361260638	14.0
2.3121254627835692	14.0
2.426072319067903	14.0
1.7906327924103975	14.0
0.6354395266575058	14.0
2.927419833965302	15.0
2.7114080772209115	18.0
1.9954352481558426	18.0
2.47307085297234	18.0
0.715972829065068	18.0
0.2383372242485704	18.0
0.47763560481649747	18.0
2.7448809490398722	20.0
1.453517245816724	21.0
1.4125139988646	21.0
2.468867472845789	21.0
1.6120930976708396	21.0
0.8507653808063701	21.0
0.04100324695212344	21.0
2.3608005885170735	21.0
3.0656103434875615	21.0
0.6027518650103539	21.0
2.4018038354691975	21.0
3.0246070965354397	21.0
0.5617486180582298	21.0
0.8567743751749493	21.0
2.9635524535274276	21.0
2.46285847847721	21.0
0.9418513916365854	22.0
1.2689598671399605	22.0
1.3603533869070283	22.0
2.887286051181763	22.0
2.2108112587765456	22.0
2.3022047785436137	22.0
2.4540478643612382	22.0
0.09139351976706661	22.0
1.6183261840418022	22.0
1.5269326642747343	22.0
1.6752610335581282	24.0
0.5788795715548777	24.0
2.2541406051130055	24.0
2.895384845389114	25.0
0.6656934636459041	26.0
0.6969728651344621	26.0
2.375132353705865	26.0
0.2787000121848228	26.0
1.7471314185501043	26.0
1.3626663287803662	26.0
3.04082581735177	26.0
0.3869934514610813	26.0
1.0814379549042001	26.0
1.6781594885714028	26.0
0.9756728773192848	26.0
2.4441042836845663	26.0
2.653832365890688	26.0
2.160921534923617	26.0
1.4684314063652815	26.0
0.17092679406745515	28.0
2.7367906555459895	28.0
2.0418383297175478	28.0
1.6673455757679112	28.0
2.907717449613447	28.0
1.8709115356500916	28.0
1.8382723698353676	28.0
1.5045563219160492	28.0
1.0694450797780781	28.0
2.5740014016941277	28.0
0.046482102635413365	30.0
1.744318519666084	31.0
0.43886825696424325	32.0
1.6670297257427185	32.0
0.34648396273194226	32.0
0.05701310088384	32.0
2.1058979827069613	32.0
0.7853522196961856	32.0
0.3818551560804034	32.0
1.320545763010776	32.0
1.7240428266265584	32.0
0.4034970636157825	32.0
1.1529078641895492	33.0
1.94661966741467	33.0
0.6866757674569599	33.0
3.0995275316042217	33.0
0.4662320967325898	33.0
2.6332954348716293	33.0
2.5708992946372957	34.0
0.06379503119078368	34.0
2.3567293009484955	34.0
2.54174683339708	34.0
2.6346943258280797	34.0
1.3555567115937952	34.0
0.02915246124021449	34.0
2.2929342697577115	34.0
2.605541864587864	34.0
1.3847091728340106	34.0
1.9331185656958134	35.0
1.2150419760579847	35.0
0.7180765896378287	35.0
0.8862172471449359	36.0
2.533887314761645	36.0
2.863080745273005	36.0
2.550083267291921	37.0
0.36838913822225045	37.0
2.9184724055141715	37.0
2.373487443161469	38.0
1.3795538572899055	38.0
0.9939335858715634	38.0
3.1330019611075866	39.0
0.20067702001870763	39.0
1.8240950197584294	39.0
2.9495063260532874	39.0
1.3089069413491619	39.0
2.0247720397771367	39.0
0.39104107932898263	40.0
