
% frame   1000
% time 100.000
% report fiber:position
% fiber class 1 is actin
%    class  identity    length      posX      posY      dirX      dirY  endToEnd   cosinus organizer
         1         1     0.250     0.845     0.063     0.874    -0.486     0.250     1.000         0
         1         2     0.250     0.554    -2.293     0.487     0.873     0.250     1.000         0
         1         3     0.250    -0.649     0.057     0.440    -0.898     0.250     1.000         0
         1         4     0.250    -1.588     0.337    -0.991    -0.134     0.250     1.000         0
         1         5     0.250    -1.812     0.359     0.948    -0.318     0.250     1.000         0
         1         6     0.250    -1.484     1.494     0.266    -0.964     0.250     1.000         0
         1         7     0.250    -1.975     1.901     0.032     0.999     0.250     1.000         0
         1         8     0.250    -1.246     0.217     1.000     0.028     0.250     1.000         0
         1         9     0.250     2.535    -1.463    -0.144     0.990     0.250     1.000         0
         1        10     0.250     1.752    -0.272    -0.963     0.268     0.250     1.000         0
         1        11     0.250     0.521    -1.988     0.955     0.296     0.250     1.000         0
         1        12     0.250    -1.208     1.694     0.991     0.135     0.250     1.000         0
         1        13     0.250     1.831    -0.215     0.220     0.975     0.250     1.000         0
         1        14     0.250     1.413    -1.011    -0.354     0.935     0.250     1.000         0
         1        15     0.250     2.424     2.167    -0.925     0.381     0.250     1.000         0
         1        16     0.250     0.710    -1.967     0.736     0.677     0.250     1.000         0
         1        17     0.250    -0.679    -0.690    -0.199    -0.980     0.250     1.000         0
         1        18     0.250    -0.651     0.601     0.364     0.932     0.250     1.000         0
         1        19     0.250    -1.767     0.357     0.917    -0.400     0.250     1.000         0
         1        20     0.250    -1.482     0.310    -0.993     0.119     0.250     1.000         0
         1        21     0.250    -0.685    -0.793    -1.000     0.016     0.250     1.000         0
         1        22     0.250    -0.669    -0.715     0.497     0.868     0.250     1.000         0
         1        23     0.250     1.216     0.529    -0.672     0.741     0.250     1.000         0
         1        24     0.250    -1.748     0.338     0.982    -0.191     0.250     1.000         0
         1        25     0.250     0.171     1.906     0.963     0.269     0.250     1.000         0
         1        26     0.250    -1.112    -0.027    -0.834     0.552     0.250     1.000         0
         1        27     0.250    -2.246     0.460    -0.994    -0.106     0.250     1.000         0
         1        28     0.250    -0.587     2.126    -0.918     0.396     0.250     1.000         0
         1        29     0.250    -0.355    -0.387    -0.739    -0.674     0.250     1.000         0
         1        30     0.250    -1.715     2.388    -0.204    -0.979     0.250     1.000         0
         1        31     0.250     1.328     2.290    -0.049     0.999     0.250     1.000         0
         1        32     0.250    -1.775     1.817     0.111    -0.994     0.250     1.000         0
         1        33     0.250     0.404     2.297    -0.935     0.355     0.250     1.000         0
         1        34     0.250    -1.658    -1.278     0.950     0.312     0.250     1.000         0
         1        35     0.250    -1.776     2.313     0.848    -0.529     0.250     1.000         0
         1        36     0.250    -0.927    -0.191    -0.735    -0.678     0.250     1.000         0
         1        37     0.250     1.959    -0.359     0.998    -0.062     0.250     1.000         0
         1        38     0.250     0.932    -1.846    -0.658    -0.753     0.250     1.000         0
         1        39     0.250     0.054     0.164     1.000    -0.025     0.250     1.000         0
         1        40     0.250    -1.685     0.276     0.036    -0.999     0.250     1.000         0
         1        41     0.250     1.237    -0.143     0.420    -0.908     0.250     1.000         0
         1        42     0.250    -1.602     0.409    -0.547    -0.837     0.250     1.000         0
         1        43     0.250    -1.539     0.354    -0.911    -0.413     0.250     1.000         0
         1        44     0.250     2.228     1.690     0.780     0.626     0.250     1.000         0
         1        45     0.250     0.351     0.401     0.967    -0.256     0.250     1.000         0
         1        46     0.250    -1.747     0.328     0.998     0.061     0.250     1.000         0
         1        47     0.250    -0.027    -0.340     1.000    -0.017     0.250     1.000         0
         1        48     0.250     2.430     1.977     0.037     0.999     0.250     1.000         0
         1        49     0.250     0.066     1.944     0.675    -0.738     0.250     1.000         0
         1        50     0.250    -2.441    -0.245    -0.923     0.384     0.250     1.000         0
         1        51     0.250     1.477     1.262     0.917     0.399     0.250     1.000         0
         1        52     0.250    -0.611     0.308    -0.996    -0.094     0.250     1.000         0
         1        53     0.250    -1.005     1.095    -0.717    -0.697     0.250     1.000         0
         1        54     0.250     1.775    -1.005    -0.701     0.713     0.250     1.000         0
         1        55     0.250     0.090    -0.311     0.472    -0.881     0.250     1.000         0
         1        56     0.250     2.444     1.102    -0.310    -0.951     0.250     1.000         0
         1        57     0.250     0.858    -0.471    -0.197    -0.980     0.250     1.000         0
         1        58     0.250     1.566    -0.686     0.367     0.930     0.250     1.000         0
         1        59     0.250    -0.335     2.542     0.999     0.040     0.250     1.000         0
         1        60     0.250    -0.040     2.281    -0.465    -0.885     0.250     1.000         0
         1        61     0.250     2.142    -1.936     0.969     0.246     0.250     1.000         0
         1        62     0.250    -1.835    -2.116     0.028    -1.000     0.250     1.000         0
         1        63     0.250     2.331     1.017     0.977    -0.215     0.250     1.000         0
         1        64     0.250     1.128     0.692    -0.445    -0.896     0.250     1.000         0
         1        65     0.250    -1.671     2.247    -1.000    -0.000     0.250     1.000         0
         1        66     0.250    -1.746     0.186     0.613     0.790     0.250     1.000         0
         1        67     0.250     0.176    -0.415    -0.577     0.817     0.250     1.000         0
         1        68     0.250     2.315     2.104     0.180     0.984     0.250     1.000         0
         1        69     0.250     1.831    -0.176     0.443     0.896     0.250     1.000         0
         1        70     0.250    -1.538     0.362    -0.933    -0.361     0.250     1.000         0
         1        71     0.250    -1.728     2.298     0.016    -1.000     0.250     1.000         0
         1        72     0.250    -1.702     2.141    -0.173     0.985     0.250     1.000         0
         1        73     0.250    -1.119    -1.895    -0.814    -0.581     0.250     1.000         0
         1        74     0.250     0.137     1.942    -0.365    -0.931     0.250     1.000         0
         1        75     0.250     2.259     2.200     0.834    -0.552     0.250     1.000         0
         1        76     0.250     2.276     2.170     0.852    -0.523     0.250     1.000         0
         1        77     0.250    -2.267    -1.617    -0.954     0.300     0.250     1.000         0
         1        78     0.250    -0.914    -0.211    -0.151    -0.988     0.250     1.000         0
         1        79     0.250    -1.592     0.205    -0.411     0.911     0.250     1.000         0
         1        80     0.250     0.610     1.929    -0.846     0.533     0.250     1.000         0
         1        81     0.250    -1.662     0.344     0.875     0.484     0.250     1.000         0
         1        82     0.250    -1.386    -0.028    -0.053    -0.999     0.250     1.000         0
         1        83     0.250    -0.285     2.418    -0.868    -0.496     0.250     1.000         0
         1        84     0.250    -0.015     2.570    -0.939     0.345     0.250     1.000         0
         1        85     0.250     2.422     2.199    -0.770    -0.638     0.250     1.000         0
         1        86     0.250     2.272     2.178     0.929    -0.371     0.250     1.000         0
         1        87     0.250    -2.332     0.987    -0.153    -0.988     0.250     1.000         0
         1        88     0.250     2.308     2.089     0.722     0.692     0.250     1.000         0
         1        89     0.250     1.436     1.403    -0.411    -0.911     0.250     1.000         0
         1        90     0.250    -0.895    -0.050    -0.717     0.697     0.250     1.000         0
         1        91     0.250     0.019    -0.612    -0.160     0.987     0.250     1.000         0
         1        92     0.250    -1.723     0.284     0.908     0.418     0.250     1.000         0
         1        93     0.250    -0.931     1.720    -0.806     0.592     0.250     1.000         0
         1        94     0.250     1.118     0.739    -0.997    -0.075     0.250     1.000         0
         1        95     0.250    -1.611     0.355     0.740     0.673     0.250     1.000         0
         1        96     0.250    -1.670     0.325     0.949     0.315     0.250     1.000         0
         1        97     0.250    -1.798     0.325     0.997     0.078     0.250     1.000         0
         1        98     0.250    -1.257    -0.842     0.099     0.995     0.250     1.000         0
         1        99     0.250     0.421    -0.028     0.943    -0.333     0.250     1.000         0
         1       100     0.250     1.919     1.781    -0.620     0.784     0.250     1.000         0
         1       101     0.250    -1.768     2.527    -0.942     0.336     0.250     1.000         0
         1       102     0.250    -0.466    -0.227     0.651     0.759     0.250     1.000         0
         1       103     0.250    -1.606     0.372     0.583    -0.812     0.250     1.000         0
         1       104     0.250    -1.615     0.280    -0.703     0.712     0.250     1.000         0
         1       105     0.250    -1.554     0.308    -0.947     0.320     0.250     1.000         0
         1       106     0.250     1.462    -0.510     0.528     0.849     0.250     1.000         0
         1       107     0.250    -0.167     1.847     0.991     0.133     0.250     1.000         0
         1       108     0.250    -1.213    -0.766     0.369    -0.930     0.250     1.000         0
         1       109     0.250    -0.425     0.428     0.834     0.552     0.250     1.000         0
         1       110     0.250    -1.788     2.240     0.766     0.642     0.250     1.000         0
         1       111     0.250    -2.094     1.301     0.873    -0.488     0.250     1.000         0
         1       112     0.250    -1.613     0.378     0.804    -0.595     0.250     1.000         0
         1       113     0.250    -1.724     0.338     0.991    -0.133     0.250     1.000         0
         1       114     0.250     2.251     2.189     0.900    -0.436     0.250     1.000         0
         1       115     0.250     0.061     1.820    -0.958     0.287     0.250     1.000         0
         1       116     0.250    -2.498    -0.285     0.660     0.752     0.250     1.000         0
         1       117     0.250     2.264     2.130     0.946     0.324     0.250     1.000         0
         1       118     0.250    -2.147     0.346    -0.978     0.209     0.250     1.000         0
         1       119     0.250     0.768    -0.927    -0.910     0.415     0.250     1.000         0
         1       120     0.250    -1.045     2.512     0.990    -0.143     0.250     1.000         0
         1       121     0.250    -0.946    -1.359     0.369    -0.929     0.250     1.000         0
         1       122     0.250    -0.002    -1.130    -0.408    -0.913     0.250     1.000         0
         1       123     0.250     0.273     1.922     0.887     0.463     0.250     1.000         0
         1       124     0.250     0.064     2.315    -0.783    -0.622     0.250     1.000         0
         1       125     0.250     2.520     0.974     0.033     0.999     0.250     1.000         0
         1       126     0.250    -1.196    -0.071     0.792     0.611     0.250     1.000         0
         1       127     0.250    -1.060     2.544    -1.000     0.008     0.250     1.000         0
         1       128     0.250     0.485     0.354    -0.933     0.361     0.250     1.000         0
         1       129     0.250     1.851    -0.098     0.627     0.779     0.250     1.000         0
         1       130     0.250    -2.316     2.045     0.147     0.989     0.250     1.000         0
         1       131     0.250     1.849    -0.166     0.405     0.914     0.250     1.000         0
         1       132     0.250     0.821     0.038     0.531     0.848     0.250     1.000         0
         1       133     0.250    -0.286     1.802     0.633     0.774     0.250     1.000         0
         1       134     0.250     0.994    -2.096    -0.852     0.523     0.250     1.000         0
         1       135     0.250    -2.052    -1.496     0.939     0.343     0.250     1.000         0
         1       136     0.250     0.428    -0.032     0.099    -0.995     0.250     1.000         0
         1       137     0.250    -1.740     0.315     0.999    -0.036     0.250     1.000         0
         1       138     0.250     0.285     2.184     0.740     0.672     0.250     1.000         0
         1       139     0.250    -0.691    -0.770    -0.502     0.865     0.250     1.000         0
         1       140     0.250     1.675     2.545     0.960    -0.279     0.250     1.000         0
         1       141     0.250    -1.525     0.330    -1.000     0.004     0.250     1.000         0
         1       142     0.250     1.208    -0.474     1.000     0.018     0.250     1.000         0
         1       143     0.250     0.945    -1.327     0.968     0.250     0.250     1.000         0
         1       144     0.250    -1.511     0.315    -0.993     0.122     0.250     1.000         0
         1       145     0.250     2.033     0.689     0.971     0.240     0.250     1.000         0
         1       146     0.250    -1.545     0.346    -0.953    -0.304     0.250     1.000         0
         1       147     0.250     1.928    -1.395    -0.927     0.375     0.250     1.000         0
         1       148     0.250    -1.411     0.517    -0.899    -0.437     0.250     1.000         0
         1       149     0.250    -1.575    -0.311     0.239    -0.971     0.250     1.000         0
         1       150     0.250    -1.132    -0.817    -0.685    -0.728     0.250     1.000         0
         1       151     0.250     1.338    -1.446     0.976    -0.216     0.250     1.000         0
         1       152     0.250     1.009     0.668     0.865     0.502     0.250     1.000         0
         1       153     0.250    -0.651     0.313    -0.746    -0.666     0.250     1.000         0
         1       154     0.250     1.573    -2.561     0.978    -0.207     0.250     1.000         0
         1       155     0.250     2.295    -2.151    -0.645     0.764     0.250     1.000         0
         1       156     0.250    -1.252     2.469    -0.884     0.468     0.250     1.000         0
         1       157     0.250     1.919     0.737     0.686    -0.728     0.250     1.000         0
         1       158     0.250     0.262     0.065    -0.981     0.193     0.250     1.000         0
         1       159     0.250     2.270     2.206     0.679    -0.734     0.250     1.000         0
         1       160     0.250    -2.024     2.179    -0.975    -0.224     0.250     1.000         0
         1       161     0.250     2.338    -0.749     0.215    -0.977     0.250     1.000         0
         1       162     0.250     1.332    -2.106    -0.943    -0.332     0.250     1.000         0
         1       163     0.250    -0.633    -0.021    -0.748     0.664     0.250     1.000         0
         1       164     0.250    -0.774    -2.009    -1.000     0.030     0.250     1.000         0
         1       165     0.250     0.480     1.610    -0.870     0.494     0.250     1.000         0
         1       166     0.250    -1.541     0.327    -0.999     0.045     0.250     1.000         0
         1       167     0.250     0.878    -1.969    -0.782     0.624     0.250     1.000         0
         1       168     0.250    -1.900     2.115     0.654     0.756     0.250     1.000         0
         1       169     0.250     1.633     0.845     0.781    -0.625     0.250     1.000         0
         1       170     0.250    -1.158    -0.063    -0.743    -0.669     0.250     1.000         0
         1       171     0.250     0.504    -0.938     0.813     0.583     0.250     1.000         0
         1       172     0.250     1.332    -2.520     0.511     0.859     0.250     1.000         0
         1       173     0.250     2.388     1.132    -0.807     0.591     0.250     1.000         0
         1       174     0.250    -0.816    -0.196     0.261     0.965     0.250     1.000         0
         1       175     0.250     1.580     0.659    -0.993    -0.117     0.250     1.000         0
         1       176     0.250     2.310     2.108     0.674     0.739     0.250     1.000         0
         1       177     0.250    -1.632     0.145     0.118    -0.993     0.250     1.000         0
         1       178     0.250     1.840    -0.175     0.331     0.944     0.250     1.000         0
         1       179     0.250    -1.604     0.342    -0.999    -0.054     0.250     1.000         0
         1       180     0.250    -1.835     2.522    -0.993    -0.121     0.250     1.000         0
         1       181     0.250    -2.200    -1.563    -0.536     0.844     0.250     1.000         0
         1       182     0.250    -0.126    -1.351     0.547     0.837     0.250     1.000         0
         1       183     0.250     0.876    -1.759     0.298    -0.954     0.250     1.000         0
         1       184     0.250    -1.084     1.723     0.971    -0.237     0.250     1.000         0
         1       185     0.250    -0.929    -2.288    -0.411     0.912     0.250     1.000         0
         1       186     0.250     2.246    -1.976     0.892    -0.452     0.250     1.000         0
         1       187     0.250    -1.726     0.453    -1.000     0.001     0.250     1.000         0
         1       188     0.250     0.908    -1.813    -0.812    -0.584     0.250     1.000         0
         1       189     0.250    -0.543     1.709    -0.143    -0.990     0.250     1.000         0
         1       190     0.250    -1.735     0.206    -0.502    -0.865     0.250     1.000         0
         1       191     0.250    -0.069     2.169     0.108     0.994     0.250     1.000         0
         1       192     0.250     2.523     1.334    -0.021    -1.000     0.250     1.000         0
         1       193     0.250     0.275    -1.455     0.022    -1.000     0.250     1.000         0
         1       194     0.250    -1.599    -0.379     0.887     0.462     0.250     1.000         0
         1       195     0.250    -1.720     0.337     0.998     0.067     0.250     1.000         0
         1       196     0.250    -1.535     0.361    -0.982    -0.188     0.250     1.000         0
         1       197     0.250    -1.539     0.315    -0.998     0.061     0.250     1.000         0
         1       198     0.250    -1.735     2.323     0.647    -0.762     0.250     1.000         0
         1       199     0.250     1.897     2.006     0.972     0.235     0.250     1.000         0
         1       200     0.250    -2.374    -0.545     0.738     0.675     0.250     1.000         0
% end
