filament_pair_sin_theta	cluster_id
0.52947847090342	0.0
0.8280297345618989	0.0
0.8260583922792337	0.0
0.07312464834222947	0.0
0.9018452221128316	0.0
0.87447426438453	0.0
0.9803535217272409	0.0
0.943353755768887	0.0
0.9691973292098824	0.0
0.9325831400982181	0.0
0.40556677263396174	0.0
0.40235876351214356	0.0
0.466027607537351	0.0
0.9938224536310355	0.0
0.9986720943108337	0.0
0.7272179719764513	0.0
0.6245941084011272	0.0
0.952595608219618	0.0
0.9822501066846424	0.0
0.0035068772694345045	0.0
0.7848131069178425	0.0
0.8634082620093723	0.0
0.8919578603505274	0.0
0.386341091655756	0.0
0.25419268772034165	0.0
0.74734531715831	0.0
0.8217662939658359	0.0
0.7826349551516877	0.0
0.8651721929830105	0.0
0.8935378998363269	0.0
0.38957330523474504	0.0
0.2575828136213064	0.0
0.7496708165692334	0.0
0.823759546025789	0.0
0.931024991111555	0.0
0.9076038430228124	0.0
0.9633052008139664	0.0
0.916566291293707	0.0
0.9846121420898695	0.0
0.9564811622670356	0.0
0.05963509260335958	0.0
0.6014584282980915	0.0
0.7068067019615814	0.0
0.19663928867935768	0.0
0.07740541141182511	0.0
0.6480306990227276	0.0
0.7477350246010933	0.0
0.2547600898268056	0.0
0.13672381812364015	0.0
0.1391950293649086	0.0
0.43261955999110757	0.0
0.5378143722779104	0.0
0.5539029803042164	0.0
0.649928960772699	0.0
0.1201551714635419	0.0
0.3187749517799625	1.0
0.8179286599369976	1.0
0.5168589966917302	1.0
0.27454318500672487	1.0
0.14311600165396135	1.0
0.29963740479656414	1.0
0.985608574798658	1.0
0.0823014615773693	1.0
0.7877741596908846	1.0
0.7312737601768277	1.0
0.07871208484117845	1.0
0.4578245031179468	1.0
0.55014265184173	1.0
0.5075282045899416	1.0
0.9662873672054633	1.0
0.6377435958210776	1.0
0.17599617241946408	1.0
0.9827261866267362	1.0
0.41867546940538	1.0
0.5520074576403337	1.0
0.12549140664263192	1.0
0.5992264958764959	1.0
0.27043461347990644	1.0
0.9999975164662377	1.0
0.11772040465851544	1.0
0.5066665505514177	1.0
0.06294545114331308	1.0
0.8713921292117305	1.0
0.19897336845002853	1.0
0.23909074517879234	1.0
0.061555823611955905	1.0
0.34283744107681036	1.0
0.7277878679313557	1.0
0.9922725338673832	1.0
0.05420879364422875	1.0
0.9961091598261343	1.0
0.3003223360701742	1.0
0.9973378784325553	1.0
0.4548739948366845	1.0
0.2794300553864554	1.0
0.28677464899729943	1.0
0.25406928415713464	1.0
0.12549140664263192	1.0
0.38847892022777086	1.0
0.07152737156381532	1.0
0.9085366269848455	1.0
0.07013641891938262	1.0
0.09285401540753996	1.0
0.5992264958764959	1.0
0.9999876131527261	1.0
0.3653260067091968	1.0
0.12327420951153122	1.0
0.9406751843350051	1.0
0.9845073407745404	1.0
0.10592915465615547	1.0
0.37795315251878686	1.0
0.5715226566888991	1.0
0.4506455360459607	1.0
0.3699757802533503	1.0
0.15298933094395867	1.0
0.16134142756252945	1.0
0.3553340752435389	1.0
0.9470173339012016	1.0
0.19688651881907776	1.0
0.601750470021197	1.0
0.5466038989473504	1.0
0.6395308575709336	1.0
0.3586193409664658	1.0
0.5918601802962565	1.0
0.7627885333560999	1.0
0.046305565169816175	1.0
0.45114315909127956	1.0
0.5881337001894533	1.0
0.8803029383241028	1.0
0.39570133139801245	1.0
0.9430302754186072	1.0
0.910554843560366	1.0
0.39239162714224696	1.0
0.7173445054354414	1.0
0.7876415679764954	1.0
0.20638297651047752	1.0
0.9979502749644347	1.0
0.8500087904518415	1.0
0.48061367436900976	1.0
0.872463538922424	1.0
0.6863243360210234	1.0
0.7890165099288535	1.0
0.19731036793465676	1.0
0.8231698147850498	1.0
0.5632230261711997	1.0
0.9471176285328813	1.0
0.428137421403712	1.0
0.20540466864499196	1.0
0.3778044253572922	1.0
0.6695450824854905	1.0
0.12380799985211971	1.0
0.08291210975578615	1.0
0.3765149233754317	1.0
0.025496245406551706	1.0
0.9084360909777542	1.0
0.9009533161584651	1.0
0.26692548784892217	1.0
0.97223557059688	1.0
0.019404939735601694	1.0
0.922062495815206	1.0
0.14725653053224216	1.0
0.0412245759361749	1.0
0.5771995281239705	1.0
0.5491292768133927	1.0
0.19731036793465676	1.0
0.6619497487086816	1.0
0.38575427307456944	1.0
0.994324501909609	1.0
0.38446737184258045	1.0
0.4054076207029164	1.0
0.8231698147850499	1.0
0.9494053319729076	1.0
0.6430082203528471	1.0
0.19950049509045303	1.0
0.7834375452158999	1.0
0.877250946298061	1.0
0.21657854514038888	1.0
0.6533652311618998	1.0
0.28012421350410077	1.0
0.7117069013330278	1.0
0.6468294314087087	1.0
0.4600302260083409	1.0
0.46752288448506146	1.0
0.03882495199658421	1.0
0.7952269282972485	1.0
0.4991503758880384	1.0
0.8249579101611947	1.0
0.25114844127405406	1.0
0.3611036477639102	1.0
0.637481606541354	1.0
0.997563773934956	1.0
0.6285494726777237	1.0
0.8918462866220471	1.0
0.9527347087263878	1.0
0.42877438499155074	1.0
0.8625034693052619	1.0
0.9570367168508409	1.0
0.978612283388017	1.0
0.8606755565372738	1.0
0.9905688490308651	1.0
0.9995361345640452	1.0
0.4127651263949947	1.0
0.76651290933881	1.0
0.9969149380433625	1.0
0.906415546990189	1.0
0.41401130954308524	1.0
0.9836626243218135	1.0
0.9996016984745337	1.0
0.7392650209238399	1.0
0.9995637356096507	1.0
0.943037632884055	1.0
0.5734953179234764	1.0
0.8799682844137278	1.0
0.4136755094888001	1.0
0.8525204372890466	1.0
0.1000637258437667	1.0
0.6871008023387584	1.0
0.6566528555803008	1.0
0.8517918498468355	1.0
0.5711167669625574	1.0
0.9796480371397505	1.0
0.4693873747545808	1.0
0.7855386113651205	1.0
0.6451635842890819	1.0
0.6073899070377154	1.0
0.5141456821489795	1.0
0.466713168899183	1.0
0.6245857273334304	1.0
0.9485611695848933	1.0
0.9372602192201137	1.0
0.7392650209238399	1.0
0.97718614778315	1.0
0.8569847507954305	1.0
0.8644338396030988	1.0
0.8562652967857804	1.0
0.8678157304542481	1.0
0.9995637356096507	1.0
0.5793836086297367	1.0
0.9715723712747789	1.0
0.740767952923957	1.0
0.2636588503354442	1.0
0.42298806091044966	1.0
0.752383606152214	1.0
0.9747024515114432	1.0
0.3423728227533627	1.0
0.9894325827679314	1.0
0.9727439257773918	1.0
0.8963176425820462	1.0
0.9000355843152131	1.0
0.5601194444022828	1.0
0.2821333524461415	1.0
0.9151914411781231	1.0
0.9994655304736404	1.0
0.3704543707266449	1.0
0.2608606024053451	1.0
0.9698439812928564	1.0
0.7320269051446067	1.0
0.38902101585585624	1.0
0.2366002009755701	1.0
0.9311221728354879	1.0
0.4446496852241183	1.0
0.3560236249741326	1.0
0.27348063467625483	1.0
0.44787228784563404	1.0
0.06757958858930187	1.0
0.03934711898761292	1.0
0.8798238226576607	1.0
0.6941365515994642	1.0
0.14784352170193824	1.0
0.35812612834575325	1.0
0.936935714498176	1.0
0.11096248392017274	1.0
0.04158004650631987	1.0
0.6202025715175362	1.0
0.09919341273355531	1.0
0.2660888679045742	1.0
0.8572203373779781	1.0
0.41248819119299585	1.0
0.8793482125206384	1.0
0.4619483025707355	1.0
0.9995375197047119	1.0
0.6768595878631987	1.0
0.7065471971944167	1.0
0.4631827196533128	1.0
0.7790276608988845	1.0
0.26857465856193974	1.0
0.9135858451749187	1.0
0.5625055702736096	1.0
0.8071899692333758	1.0
0.750096739447399	1.0
0.8914803358580453	1.0
0.849696010441467	1.0
0.7354823011410738	1.0
0.2496505909274435	1.0
0.28239756584422376	1.0
0.6202025715175362	1.0
0.1436982953705486	1.0
0.4543026573833637	1.0
0.5618250610816062	1.0
0.45554446212930644	1.0
0.4351364405648041	1.0
0.09919341273355552	1.0
0.853487377080801	1.0
0.1683886844993097	1.0
0.6184481500352356	1.0
0.9806589221860732	1.0
0.9334355316682159	1.0
0.6046338113763712	1.0
0.15496627538846994	1.0
0.9133911165507701	1.0
0.07561719427138598	1.0
0.1634580379070148	1.0
0.37980479023407987	1.0
0.3719678018717693	1.0
0.7873194897199577	1.0
0.9767196862514291	1.0
0.33819339615684313	1.0
0.10233376409545565	1.0
0.9007447210763706	1.0
0.9448268570531233	1.0
0.1754760909698649	1.0
0.4093337522404063	1.0
0.5500525610806367	1.0
0.9013265720729301	1.0
0.3527508008335376	1.0
0.9266125252706393	1.0
0.8904359330877962	1.0
0.34937893971275885	1.0
0.684313075468243	1.0
0.758266262088114	1.0
0.2514702601565976	1.0
0.9998430800233609	1.0
0.8247046914581752	1.0
0.4394912786226859	1.0
0.8941562336230192	1.0
0.6519102966905524	1.0
0.7597213068670282	1.0
0.1517034700156338	1.0
0.7959947382689032	1.0
0.5243563528423443	1.0
0.9609605107657988	1.0
0.385831196823052	1.0
0.2505025331353251	1.0
0.33452551507527084	1.0
0.7032213266040148	1.0
0.07772589468069227	1.0
0.03667704297442191	1.0
0.3332130798696463	1.0
0.07175940820423711	1.0
0.8881048048461642	1.0
0.9200796104148833	1.0
0.22201369452483896	1.0
0.9820283745542264	1.0
0.026912721646004455	1.0
0.9389955729930008	1.0
0.19289932905321727	1.0
0.005085845838816937	1.0
0.5387671085031748	1.0
0.5098409442915055	1.0
0.1517034700156338	1.0
0.6265314359468565	1.0
0.3426188962318759	1.0
0.9883314730825264	1.0
0.3413085084206258	1.0
0.3626431638684865	1.0
0.7959947382689032	1.0
0.9629293442853147	1.0
0.6068549330268872	1.0
0.15391177730966685	1.0
0.8113747128658026	1.0
0.8985380942758123	1.0
0.17113971442244277	1.0
0.6176090836862136	1.0
0.3242753949802398	1.0
0.678414895880453	1.0
0.6108213608740966	1.0
0.4184218996418329	1.0
0.4260881446306457	1.0
0.08505395736311505	1.0
0.8224495215380629	1.0
0.45849046390171305	1.0
0.7979013606227402	1.0
0.29570044608367096	1.0
0.40389742876310614	1.0
0.6011209501793474	1.0
0.16001264054140407	1.0
0.9996554858077542	1.0
0.061176233942148266	1.0
0.6915104193915392	1.0
0.6261288244739427	1.0
0.06477015220264604	1.0
0.325875400936057	1.0
0.42496746121692963	1.0
0.6256174458671654	1.0
0.9194928290068743	1.0
0.5209436943571197	1.0
0.033302371275098816	1.0
0.9990957611277718	1.0
0.28439680905357706	1.0
0.4269893207788151	1.0
0.266184215859646	1.0
0.47848226761535634	1.0
0.12986747571202945	1.0
0.9900224243096978	1.0
0.025612303027571486	1.0
0.6248372157596873	1.0
0.08053471247267097	1.0
0.9326328219560875	1.0
0.33717950337384317	1.0
0.37559476695971955	1.0
0.08192243940734732	1.0
0.47375066541185085	1.0
0.6221466764580191	1.0
0.9998154734031955	1.0
0.19655633112260756	1.0
0.9732426086234347	1.0
0.43374024231083813	1.0
0.9975070553874716	1.0
0.5776442726246162	1.0
0.41396870636514405	1.0
0.14671771484279741	1.0
0.11303407872183488	1.0
0.266184215859646	1.0
0.25260455858049197	1.0
0.07195836651055292	1.0
0.8393894673785627	1.0
0.07334913642153625	1.0
0.050599533557180845	1.0
0.47848226761535645	1.0
0.9889813300217162	1.0
0.2283415394811332	1.0
0.2640296203603239	1.0
0.9795522627458847	1.0
0.9994671858790516	1.0
0.24714949670937048	1.0
0.24156214057050449	1.0
0.6830783855878568	1.0
0.3182464749108371	1.0
0.23320652987425602	1.0
0.009983229439032576	1.0
0.01843957745364246	1.0
0.4854523998196942	1.0
0.9832350113922219	1.0
0.05454506373310531	1.0
0.4812515209816145	1.0
0.6608212089115353	1.0
0.7429701105680245	1.0
0.22133120354890154	1.0
0.9909747563184206	1.0
0.2201009097307554	1.0
0.5670125148552477	1.0
0.4932961366532553	1.0
0.22361223400870672	1.0
0.17039849837354773	1.0
0.2746469182490034	1.0
0.7423870041193066	1.0
0.8447430788112511	1.0
0.3776459602140187	1.0
0.1270506160138532	1.0
0.9930255688659488	1.0
0.12732716256167695	1.0
0.2767950515709383	1.0
0.41699415583273763	1.0
0.33181035295192773	1.0
0.030463422374125988	1.0
0.9547185862299419	1.0
0.18524243619633118	1.0
0.7417168443502873	1.0
0.23898990814150675	1.0
0.978352673626258	1.0
0.48347729435404413	1.0
0.5190523694305169	1.0
0.24034165724277218	1.0
0.6085629466653252	1.0
0.4888562859948873	1.0
0.9838589942276712	1.0
0.3509148953431877	1.0
0.9239346476002188	1.0
0.5723289471973161	1.0
0.9733625610882481	1.0
0.7008178020506358	1.0
0.5542927898798636	1.0
0.013453796158091709	1.0
0.04740950668165927	1.0
0.41699415583273763	1.0
0.09452637298539825	1.0
0.23062901009030246	1.0
0.7416021666331908	1.0
0.23198564861463356	1.0
0.2097552248686137	1.0
0.33181035295192796	1.0
0.9525499528719151	1.0
0.06961406963759871	1.0
0.41496211306397623	1.0
0.9991236205738788	1.0
0.9918117672795213	1.0
0.39901359305716744	1.0
0.08317568143743727	1.0
0.7911413398615538	1.0
0.16245259361872202	1.0
0.07460100712039447	1.0
0.15015007134116082	1.0
0.1417834517785657	1.0
0.6190904759511802	1.0
0.9997431540088981	1.0
0.10593218261121715	1.0
0.3347862893910103	1.0
0.7724029290538018	1.0
0.8404973109522043	1.0
0.06243522479223289	1.0
0.9961774131155602	1.0
0.7402677560391245	1.0
0.7958850606608996	1.0
0.9958563903804354	1.0
0.9536402989410834	1.0
0.9160509278450802	1.0
0.7634405936940462	1.0
0.41710535557691397	1.0
0.8669702236067257	1.0
0.9999750894134513	1.0
0.016278582948433828	1.0
0.9658409578116997	1.0
0.9151523646291797	1.0
0.956603531213143	1.0
0.8903534651673145	1.0
0.9945984070490221	1.0
0.16684655951153848	1.0
0.9986553015803852	1.0
0.7640859142813003	1.0
0.9942946077275738	1.0
0.3362236482733133	1.0
0.9322660564085273	1.0
0.9166064341172812	1.0
0.9941451260595512	1.0
0.8679210430577786	1.0
0.7989605233583205	1.0
0.04544549889010368	1.0
0.9749957085673693	1.0
0.2552455717230105	1.0
0.889343119027371	1.0
0.09672415388175311	1.0
0.8008459058931785	1.0
0.8991120310661498	1.0
0.9926885295491072	1.0
0.996215620912537	1.0
0.956603531213143	1.0
0.973866396108498	1.0
0.9951753178156502	1.0
0.5653747005476453	1.0
0.9950375366350475	1.0
0.9970468597998765	1.0
0.8903534651673145	1.0
0.1739471740059679	1.0
0.9792389795699626	1.0
0.9572522740147491	1.0
0.1754101634474288	1.0
0.006395263970641147	1.0
0.962156579722424	1.0
0.976391343985435	1.0
0.712164634943986	1.0
0.9560344483517598	1.0
0.9782132059674215	1.0
0.9998677000136083	1.0
0.999969506156213	1.0
0.8612201911933239	1.0
0.15647296614117365	1.0
0.9995989577510337	1.0
0.8889120102538008	1.0
0.7329401503196301	1.0
0.6495932013641303	1.0
0.9806720269123734	1.0
0.7344068677440199	1.0
0.6726563829740315	1.0
0.0036010597738501634	1.0
0.38310181994120374	1.0
0.47954874338611236	1.0
0.5767202367696785	1.0
0.9418193927370033	1.0
0.5721874417380849	1.0
0.09438229611423354	1.0
0.9946234302639515	1.0
0.3425141909271309	1.0
0.4815085786917239	1.0
0.20671651892641585	1.0
0.5313047414748578	1.0
0.19028238581322546	1.0
0.9967884294929776	1.0
0.03559183447521236	1.0
0.5759032294057309	1.0
0.019406347769498577	1.0
0.9088119540154698	1.0
0.27895418273831046	1.0
0.31819411607211284	1.0
0.020798394302668437	1.0
0.4189879188427566	1.0
0.6688762999981102	1.0
0.9991179866855644	1.0
0.1362053365808072	1.0
0.9854767777368165	1.0
0.37780572928051614	1.0
0.9999557164020558	1.0
0.5266248704555372	1.0
0.3575051526638137	1.0
0.206957119010395	1.0
0.1736065259288371	1.0
0.20671651892641585	1.0
0.31132368961409923	1.0
0.010805944147474832	1.0
0.8710684185879206	1.0
0.012200307031187812	1.0
0.01059310897894401	1.0
0.5313047414748576	1.0
0.9961854960126701	1.0
0.28747387583671014	1.0
0.20452971853041935	1.0
0.9654095031939776	1.0
0.9955983953350609	1.0
0.18740819505761624	1.0
0.30047421120909085	1.0
0.63711920540582	1.0
0.3756459525408548	1.0
0.2922591650155182	1.0
0.07113771595710139	1.0
0.07957087230514036	1.0
0.43105901389896134	1.0
0.9702383442305259	1.0
0.11552806123227273	1.0
0.53397614668352	1.0
0.613668061680419	1.0
0.7006317546969854	1.0
0.28057562941834485	1.0
0.086889766958215	1.0
0.7368461793613779	1.0
0.418361282669502	1.0
0.3189789451670974	1.0
0.9913930969088902	1.0
0.3923733720528682	1.0
0.2139548337585163	1.0
0.66707033700511	1.0
0.7511139562979658	1.0
0.45751691921097587	1.0
0.3168601319386888	1.0
0.8588447854456048	1.0
0.26157381944554686	1.0
0.5918423548476335	1.0
0.6177183568710473	1.0
0.7097850395322168	1.0
0.9912617183661949	1.0
0.7474398357050912	1.0
0.9232182241254527	1.0
0.8945830025370142	1.0
0.9121978600996746	1.0
0.7483640754917981	1.0
0.951206490625877	1.0
0.09196608609788301	1.0
0.7089493640699309	1.0
0.8200065093920083	1.0
0.5441426144706124	1.0
0.9363965510022974	1.0
0.6717679829128251	1.0
0.9817429421135612	1.0
0.928512908888672	1.0
0.5780432119460538	1.0
0.6054265760580827	1.0
0.8588447854456048	1.0
0.4866113947902929	1.0
0.7416980854126046	1.0
0.23048986820090034	1.0
0.7426326723902689	1.0
0.7271760177946227	1.0
0.2615738194455467	1.0
0.6120355616280646	1.0
0.5082951933126966	1.0
0.8576980252017861	1.0
0.8467206184269285	1.0
0.7445522314064901	1.0
0.8485904547544947	1.0
0.49653518744452607	1.0
0.9984741576017734	1.0
0.42566682674585954	1.0
0.5039829790381161	1.0
0.6842644085175872	1.0
0.6780727136301364	1.0
0.9552365868400089	1.0
0.8363479957363316	1.0
0.651079448675394	1.0
0.2585259993611501	1.0
0.9963636456169819	1.0
0.9995416399442357	1.0
0.5144778161323951	1.0
0.6753166437366128	1.0
0.337858713226751	1.0
0.2354217430920185	1.0
0.9762680785483446	1.0
0.4708111211353377	1.0
0.1282679332998929	1.0
0.5998150122396717	1.0
0.805635433297375	1.0
0.37852409884221205	1.0
0.23324921047355118	1.0
0.8110885167777343	1.0
0.1767199624604195	1.0
0.5195661455552677	1.0
0.6837121655973526	1.0
0.6458938389761767	1.0
0.976051084124973	1.0
0.6868895316310178	1.0
0.9531162097917096	1.0
0.8523684325143566	1.0
0.8731447837546477	1.0
0.6879007563667981	1.0
0.9207986877215396	1.0
0.005096723852320818	1.0
0.767547893043898	1.0
0.7671734665383637	1.0
0.6149845137199142	1.0
0.9023616171168668	1.0
0.7335919153446674	1.0
0.9615024038239255	1.0
0.8927390293245386	1.0
0.5049544286647728	1.0
0.5339811451271566	1.0
0.8110885167777343	1.0
0.40886248629023725	1.0
0.6806130216300872	1.0
0.31416837598578434	1.0
0.6816339975971194	1.0
0.6647802173260974	1.0
0.17671996246041938	1.0
0.678435857037187	1.0
0.4315448044655871	1.0
0.809779451984412	1.0
0.8897469019313731	1.0
0.7997407830239538	1.0
0.7994119691711501	1.0
0.4192354981137941	1.0
0.9898997225624565	1.0
0.34543211658017203	1.0
0.4270290091159194	1.0
0.6183135022480875	1.0
0.611644667447673	1.0
0.9259180905266206	1.0
0.880817745251764	1.0
0.5826668560053031	1.0
0.1736123479892089	1.0
0.9851920953288805	1.0
0.9983917992193088	1.0
0.43802373043413007	1.0
0.3864256569220093	1.0
0.4827056189149246	1.0
0.573774641456192	1.0
0.9430236720793921	1.0
0.5751370432659927	1.0
0.09796666889710022	1.0
0.9942440632162173	1.0
0.3458952113501642	1.0
0.4846615744582665	1.0
0.20319189856077172	1.0
0.5343520452047448	1.0
0.19381641830227256	1.0
0.9970703398055243	1.0
0.039190381881726376	1.0
0.572955564621443	1.0
0.01580584032288421	1.0
0.9073036777443766	1.0
0.27549426045581044	1.0
0.3147781561647925	1.0
0.017197978620664946	1.0
0.41571546941779264	1.0
0.6715488963320667	1.0
0.9989602962694046	1.0
0.13263695329016978	1.0
0.9860818849217958	1.0
0.3744691128145485	1.0
0.9999831221033489	1.0
0.5235602029647306	1.0
0.354139764726852	1.0
0.21047887401619866	1.0
0.17715177832087894	1.0
0.20319189856077172	1.0
0.3147437722990816	1.0
0.007205024560850888	1.0
0.8728314733429744	1.0
0.008599436166870943	1.0
0.014193898018539272	1.0
0.5343520452047446	1.0
0.9964932684781236	1.0
0.2909210654669816	1.0
0.2010034577451669	1.0
0.9644643092251659	1.0
0.9952544410922995	1.0
0.18386972329513385	1.0
0.30390691756662164	1.0
0.6343395025810947	1.0
0.37898084676702204	1.0
0.2957011045180429	1.0
0.07472919121283736	1.0
0.0831599979543912	1.0
0.4278068972700257	1.0
0.9693600498027141	1.0
0.11910426002540006	1.0
0.5370173788572439	1.0
0.6108208151415786	1.0
0.6980577727583888	1.0
0.2840302223313799	1.0
0.10678442211471238	1.0
0.8456918705120879	1.0
0.7411963940240771	1.0
0.21434247522544736	1.0
0.2942101594658813	1.0
0.9584129569233412	1.0
0.04354655376940637	1.0
0.1090061339312253	1.0
0.5657724711025993	1.0
0.16621294300831072	1.0
0.2003373153550972	1.0
0.8900607297548131	1.0
0.3499826951207243	1.0
0.8451579217913414	1.0
0.4009554360575354	1.0
0.9993075349459265	1.0
0.6255660536891269	1.0
0.6571081781559281	1.0
0.40223055528454066	1.0
0.7348750189477441	1.0
0.3330573046094209	1.0
0.9389782481032742	1.0
0.5053452544229863	1.0
0.8452363151138212	1.0
0.7036896508945234	1.0
0.9200598777547334	1.0
0.8121206245792664	1.0
0.6880127646622968	1.0
0.1836401137542562	1.0
0.21692304532855572	1.0
0.5657724711025993	1.0
0.076491567962178	1.0
0.39306096892749504	1.0
0.616446289874441	1.0
0.39434280527450555	1.0
0.3732954050620171	1.0
0.16621294300831063	1.0
0.8867528450783145	1.0
0.1013891311027263	1.0
0.5639285360653161	1.0
0.9916440054486231	1.0
0.9555454441008651	1.0
0.5494241655279607	1.0
0.08784879390151615	1.0
0.8837924908331412	1.0
0.008058221866180146	1.0
0.0964136917164054	1.0
0.3164208892053616	1.0
0.3083869832796931	1.0
0.743853714946826	1.0
0.9889839397734822	1.0
0.27382267604624044	1.0
0.1693246213315688	1.0
0.8693323979094073	1.0
0.9205298188732411	1.0
0.10854392976376777	1.0
0.8978441727147157	1.0
0.6652752519051705	1.0
0.10881430776740464	1.0
0.39458614745006765	1.0
0.9224582670197292	1.0
0.14998068944693393	1.0
0.002234756361505194	1.0
0.650587808700143	1.0
0.05996353181634179	1.0
0.3038114056921493	1.0
0.8362947169668316	1.0
0.448012528770569	1.0
0.8974035306450177	1.0
0.4964878003254862	1.0
0.9975669480707791	1.0
0.7052993217127145	1.0
0.7338446639107529	1.0
0.49769592024109216	1.0
0.8030946163158014	1.0
0.23046521353784913	1.0
0.8968780210047507	1.0
0.5946019092624436	1.0
0.7833386033120473	1.0
0.7755372224361445	1.0
0.8729633937846927	1.0
0.8697846765208317	1.0
0.7615721471695158	1.0
0.28755849335065636	1.0
0.31992446907263905	1.0
0.650587808700143	1.0
0.18252577237218406	1.0
0.48900312520276357	1.0
0.5288398421185401	1.0
0.4902190076403694	1.0
0.47022622199409425	1.0
0.05996353181634179	1.0
0.8323221228485203	1.0
0.20704355340779965	1.0
0.6488891988800489	1.0
0.972198307107492	1.0
0.9185970918037266	1.0
0.6355057054896611	1.0
0.1937180662289318	1.0
0.9287013365801124	1.0
0.11479310157914266	1.0
0.20214936792420807	1.0
0.41590937812052436	1.0
0.40820354220368743	1.0
0.8109690698336675	1.0
0.9675225889089074	1.0
0.3749601541631012	1.0
0.06311396573619163	1.0
0.917137563375232	1.0
0.9569841273681252	1.0
0.21407679968709456	1.0
0.9632583946757368	1.0
0.9404252500822938	1.0
0.6512506085446699	1.0
0.7528254545994496	1.0
0.8216500920063637	1.0
0.8988259237821019	1.0
0.39538823897697895	1.0
0.9226313068367125	1.0
0.7216328305924292	1.0
0.860501880909175	1.0
0.6054312869179527	1.0
0.0009997275744420768	1.0
0.5607577732341956	1.0
0.5018352645906397	1.0
0.3259376789979699	1.0
0.2867994907966666	1.0
0.5596044104701065	1.0
0.18136854094358126	1.0
0.975151623585931	1.0
0.7920040721843993	1.0
0.4600737447333375	1.0
0.9030100973803603	1.0
0.22533129235482954	1.0
0.8223330020741431	1.0
0.06004677070627225	1.0
0.2465445955780804	1.0
0.7333061561012021	1.0
0.7097892089113045	1.0
0.39538823897697895	1.0
0.8023928172350671	1.0
0.567858737866185	1.0
0.9948750179937602	1.0
0.5667103737216103	1.0
0.58534183046625	1.0
0.9226313068367124	1.0
0.8641505926049218	1.0
0.7872254000814428	1.0
0.397439716221744	1.0
0.6383102095161756	1.0
0.7592944207582877	1.0
0.4134004057381002	1.0
0.7955398775804512	1.0
0.07597332216990423	1.0
0.841363969314092	1.0
0.7902988482207275	1.0
0.6333744857968763	1.0
0.6398963437171529	1.0
0.16823826848622428	1.0
0.6529742623140885	1.0
0.6672383357554421	1.0
0.9238440857489598	1.0
0.045973429739585805	1.0
0.1608721255492696	1.0
0.7827684289837135	1.0
0.5800843459883859	1.0
0.9058914189393787	1.0
0.43184500972276396	1.0
0.7697255838915422	1.0
0.6636051256380517	1.0
0.9909583483731778	1.0
0.6193094710339797	1.0
0.8606541909718995	1.0
0.2596188826951499	1.0
0.9292595603211333	1.0
0.9635264165090415	1.0
0.9481648778649189	1.0
0.6984019877512087	1.0
0.9981952226629925	1.0
0.9998200842266726	1.0
0.9486064109940658	1.0
0.9959942491414285	1.0
0.4753015092980865	1.0
0.37537089880704555	1.0
0.9788234793042854	1.0
0.17130724927602345	1.0
0.999004169583888	1.0
0.3272411083479545	1.0
0.9776474007429183	1.0
0.999740054142488	1.0
0.8518667199137575	1.0
0.869165439805551	1.0
0.9909583483731778	1.0
0.7903727480343284	1.0
0.9453964908946594	1.0
0.16980264001638348	1.0
0.9458500559249589	1.0
0.9382059994882774	1.0
0.6193094710339797	1.0
0.25265327283134636	1.0
0.8054382254799869	1.0
0.990656065264434	1.0
0.5700612764838262	1.0
0.4229092135402729	1.0
0.9881238768414363	1.0
0.7973026586438293	1.0
0.9400697951969681	1.0
0.7465817184618835	1.0
0.8024647960718334	1.0
0.9155225321587835	1.0
0.9120877708073112	1.0
0.9947132786823719	1.0
0.5541792819703556	1.0
0.8966819549908838	1.0
0.6168281383133135	1.0
0.94989252908331	1.0
0.9075057511882606	1.0
0.8096814127349178	1.0
0.4922281326506452	1.0
0.8749679394424295	1.0
0.25667361929024746	1.0
0.10659254946236153	1.0
0.729361642166666	1.0
0.04901102987695285	1.0
0.40567829604299765	1.0
0.771668150106151	1.0
0.5426352318160833	1.0
0.9400848722373196	1.0
0.5879952766272721	1.0
0.98405749742982	1.0
0.7782508314413854	1.0
0.8034066061351042	1.0
0.5891209108227117	1.0
0.863163086840391	1.0
0.12321164468145046	1.0
0.843426270778516	1.0
0.6785601263419252	1.0
0.7110487573084436	1.0
0.8396268281991698	1.0
0.8147017531182326	1.0
0.918312380677333	1.0
0.8275703947741916	1.0
0.39006932430310226	1.0
0.4211201472971832	1.0
0.729361642166666	1.0
0.28842829520354923	1.0
0.5810162360391774	1.0
0.4333465830750123	1.0
0.582150606709446	1.0
0.5634676861285226	1.0
0.04901102987695263	1.0
0.7670649461424749	1.0
0.31227063779955366	1.0
0.7278311032041982	1.0
0.9409456319657077	1.0
0.8701396375227788	1.0
0.7157472427001943	1.0
0.2993208511300058	1.0
0.963538249213861	1.0
0.22220645321827834	1.0
0.3075168279455397	1.0
0.5123961385961645	1.0
0.5051152635703051	1.0
0.8698196688979271	1.0
0.9342709523357582	1.0
0.47360899284462643	1.0
0.045858166612745326	1.0
0.9550618932809799	1.0
0.9828730587580907	1.0
0.31909727916185726	1.0
0.9999574880257923	1.0
0.2523118554075649	1.0
0.3966385880269828	1.0
0.2981374636016847	1.0
0.44897414464312185	1.0
0.096775095609758	1.0
0.984780647108763	1.0
0.058889542922474086	1.0
0.6504916270990904	1.0
0.1136842403233487	1.0
0.9441319011310171	1.0
0.368344674340283	1.0
0.40625053753167883	1.0
0.11506743112378694	1.0
0.502815920038823	1.0
0.5957291355783014	1.0
0.9986211637000637	1.0
0.22910003207994786	1.0
0.9650505553959228	1.0
0.46350635684592906	1.0
0.9946037183144149	1.0
0.6045082125177108	1.0
0.44405393972268986	1.0
0.11369434736312745	1.0
0.07988244113363059	1.0
0.2981374636016847	1.0
0.22024208228029699	1.0
0.10513449222782005	1.0
0.820823024688727	1.0
0.10652111676570944	1.0
0.0838311788277135	1.0
0.44897414464312185	1.0
0.9835026711740291	1.0
0.19579232452929274	1.0
0.29600379136787525	1.0
0.9857090266621272	1.0
0.9999997801368685	1.0
0.27928165220596074	1.0
0.20911201812670924	1.0
0.7070217198032139	1.0
0.2864990360376608	1.0
0.2006930427930009	1.0
0.023323019732200693	1.0
0.014867359661253438	1.0
0.5142981644891206	1.0
0.9887620818142624	1.0
0.021262014432075062	1.0
0.45179230378818147	1.0
0.6854495395704419	1.0
0.7648480977409768	1.0
0.1887320069743899	1.0
0.9699313390315046	1.0
0.9215931312766642	1.0
0.951733316912384	1.0
0.8976466382433145	1.0
0.9961563009661719	1.0
0.18287485550479135	1.0
0.9976790612333061	1.0
0.7534831192780825	1.0
0.9924264418895961	1.0
0.32084821779272577	1.0
0.9262533681178136	1.0
0.9099769523547697	1.0
0.9922544459056349	1.0
0.8597204314988542	1.0
0.8086443279219857	1.0
0.061701241373694406	1.0
0.9712490300822764	1.0
0.2709511257967617	1.0
0.8817820503266728	1.0
0.11291359382027065	1.0
0.79099102732265	1.0
0.8918674560887762	1.0
0.994521885387762	1.0
0.9974984910363658	1.0
0.951733316912384	1.0
0.9774345725990368	1.0
0.9934463177262145	1.0
0.5787269174733024	1.0
0.993285966125951	1.0
0.9956646231610459	1.0
0.8976466382433145	1.0
0.18995454085993538	1.0
0.9824090441687576	1.0
0.95241678232062	1.0
0.159360730030804	1.0
0.009883833486076759	1.0
0.9575932212141286	1.0
0.9797782898462803	1.0
0.7006425011228976	1.0
0.9606815349032557	1.0
0.9814630673578028	1.0
0.9994704253469492	1.0
0.9997098792903608	1.0
0.8528327782566405	1.0
0.14037416540419145	1.0
0.9999274870717162	1.0
0.8962510854822616	1.0
0.7217688240847623	1.0
0.6371308139749661	1.0
0.9837271314588645	1.0
0.1521897938018827	1.0
0.5293289711495669	1.0
0.20899608934505326	1.0
0.1574835414392894	1.0
0.9090667638255269	1.0
0.30885819843456913	1.0
0.821079844469506	1.0
0.3606821976645809	1.0
0.9967393015773411	1.0
0.5909988736241785	1.0
0.6236596140785513	1.0
0.3619804563354904	1.0
0.7046445316430366	1.0
0.3738016984769073	1.0
0.9530665245403654	1.0
0.4672888111002067	1.0
0.867705484026872	1.0
0.6720819780599128	1.0
0.9362476796900964	1.0
0.7859412856530227	1.0
0.6557584425668244	1.0
0.14065993129875518	1.0
0.17420761785554156	1.0
0.5293289711495669	1.0
0.033000035671409626	1.0
0.3526465141977581	1.0
0.6501499522802395	1.0
0.3539510416407841	1.0
0.33254261300937715	1.0
0.20899608934505318	1.0
0.9060407977284494	1.0
0.05797080165382677	1.0
0.5274318213564492	1.0
0.9963210331730794	1.0
0.9674784468327272	1.0
0.5125179374106382	1.0
0.04438726544023044	1.0
0.8625796028106305	1.0
0.03549456207192431	1.0
0.052978548031191224	1.0
0.2748116479890824	1.0
0.26667030925843044	1.0
0.7140440834023561	1.0
0.9944916739264971	1.0
0.23168071461204656	1.0
0.21208175590246214	1.0
0.8469858279739229	1.0
0.9026441705946595	1.0
0.06515169923772982	1.0
0.6522833274819184	1.0
0.05773264701271774	1.0
0.30593977138047995	1.0
0.835067356078469	1.0
0.4500093431986316	1.0
0.8983872882373544	1.0
0.4984264267395337	1.0
0.9974086609890752	1.0
0.7068818008407166	1.0
0.7353609401310612	1.0
0.49963299692992	1.0
0.8044241939125737	1.0
0.22829004006763629	1.0
0.8958873978974672	1.0
0.5963972138775281	1.0
0.7819475333606333	1.0
0.7769460916735983	1.0
0.8718711316819333	1.0
0.8708852037252435	1.0
0.7630185466798186	1.0
0.28969814242725084	1.0
0.3220409745829492	1.0
0.6522833274819184	1.0
0.18472253143633804	1.0
0.49095124194748563	1.0
0.5269418354847665	1.0
0.49216559558951833	1.0
0.4721973229138735	1.0
0.05773264701271758	1.0
0.831081336378575	1.0
0.20922936945470363	1.0
0.6505879664881887	1.0
0.9716725910757206	1.0
0.917711632627353	1.0
0.6372295654180433	1.0
0.19591000641228393	1.0
0.929527729049979	1.0
0.11701279826298902	1.0
0.20433748229416343	1.0
0.41794064055190255	1.0
0.4102426117257092	1.0
0.812274576208046	1.0
0.9669552610053396	1.0
0.3770309284728988	1.0
0.060883507149594486	1.0
0.9180259818686105	1.0
0.9576301305390298	1.0
0.2162592127520948	1.0
0.6949552877468081	1.0
0.3891121375852357	1.0
0.9918125611906902	1.0
0.2414086275448921	1.0
0.39446977752350504	1.0
0.18769040216213914	1.0
0.8029390465364104	1.0
0.07441823251970649	1.0
0.11534885477896002	1.0
0.18632263680089953	1.0
0.22224124243525195	1.0
0.8080967888576794	1.0
0.9688576721237626	1.0
0.07152662965637628	1.0
0.9992939294379218	1.0
0.17824975622610184	1.0
0.9803029429259202	1.0
0.3395209812897904	1.0
0.15672849055063967	1.0
0.4047281365280731	1.0
0.37343432615770017	1.0
	1.0
0.5010428921260983	1.0
0.19613190433590177	1.0
0.9537853424764492	1.0
0.19476434260800818	1.0
0.21706922750218818	1.0
0.6949552877468081	1.0
0.9927070263757533	1.0
0.479255393190993	1.0
0.0022345485905470868	1.0
0.8906585812611613	1.0
0.9547204357580608	1.0
0.019693598141920014	1.0
0.49114836853151733	1.0
0.4640280750906492	1.0
0.5591096028583702	1.0
0.4836377252139072	1.0
0.2757940071754124	1.0
0.28391327593890914	1.0
0.23522329639207684	1.0
0.8992252459739368	1.0
0.3183651466317448	1.0
0.6972214534761995	1.0
0.43719742347763135	1.0
0.5380017236515732	1.0
0.47292855598114875	1.0
0.36039390497376206	1.0
0.8019130463640026	1.0
0.500815394028736	1.0
0.922245267718865	1.0
0.5476453705019627	1.0
0.991591535766079	1.0
0.7465389091527402	1.0
0.7732584258705452	1.0
0.5488098148270725	1.0
0.8373788642711625	1.0
0.17170115976144612	1.0
0.8687436004103504	1.0
0.6417438579329889	1.0
0.7446559936376966	1.0
0.8119967844205864	1.0
0.8421432010952424	1.0
0.8978074522368221	1.0
0.7990629241656895	1.0
0.3444719083039362	1.0
0.37616081839659377	1.0
0.6949552877468081	1.0
0.2411535383316522	1.0
0.540428308936038	1.0
0.47699588398673526	1.0
0.5416010639245392	1.0
0.5223006524216813	1.0
	1.0
0.7975870959810735	1.0
0.26533521831172807	1.0
0.6933467939558249	1.0
0.9564079003126222	1.0
0.893246828884853	1.0
0.6806597698269634	1.0
0.2521971409342693	1.0
0.9492663927770382	1.0
0.17415367746511753	1.0
0.2605111808284246	1.0
0.4696921771142581	1.0
0.46220917278957424	1.0
0.8445937908992136	1.0
0.9506237424973945	1.0
0.42987408723204945	1.0
0.003156412375052539	1.0
0.9393869504981734	1.0
0.9726599356282645	1.0
0.27226497034089675	1.0
0.9633386684894698	1.0
0.15522027450225498	1.0
0.72094038256792	1.0
0.20929833380354193	1.0
0.9715943636024706	1.0
0.4565865369249481	1.0
0.49277308805669473	1.0
0.210659620978051	1.0
0.5841076054961993	1.0
0.515204602291282	1.0
0.98885365908606	1.0
0.3222258567123988	1.0
0.9351596258858949	1.0
0.5470825776977115	1.0
0.9798951944049208	1.0
0.6787617526830483	1.0
0.5286801635953116	1.0
0.01701311322665031	1.0
0.016958335701148915	1.0
0.3891121375852357	1.0
0.12480951968495563	1.0
0.20087978905915047	1.0
0.7616940563694466	1.0
0.20224562385252956	1.0
0.1798721428282078	1.0
0.3603939049737619	1.0
0.9613803842319406	1.0
0.09997127855976402	1.0
0.38705272142571073	1.0
0.9973848085111369	1.0
0.9952418827147694	1.0
0.37089512061126484	1.0
0.11349494168246975	1.0
0.7721417114048588	1.0
0.19243595341114808	1.0
0.10494491837298907	1.0
0.11996231887087529	1.0
0.11156197587546907	1.0
0.5948796202931703	1.0
0.9985887532131582	1.0
0.0755910020391776	1.0
0.36333641180689297	1.0
0.7526961233945861	1.0
0.8236016602175511	1.0
0.09281023628705862	1.0
0.993306675608663	1.0
0.8610107593682166	1.0
0.9981547762042892	1.0
0.48864387375416973	1.0
0.9795590133251796	1.0
0.9704619565975079	1.0
0.9982383522586528	1.0
0.938628334530223	1.0
0.6874226286360262	1.0
0.1218656933594914	1.0
0.9984063278350037	1.0
0.09034778498684054	1.0
0.9531660771350308	1.0
0.07069589470362808	1.0
0.8895398238537087	1.0
0.959540902583573	1.0
0.9586348219690698	1.0
0.9677498605702364	1.0
0.9918125611906902	1.0
0.9223211216292068	1.0
0.9975955724702181	1.0
0.41982902401430244	1.0
0.9976912441467434	1.0
0.9958842036183296	1.0
0.8019130463640026	1.0
0.0072059531290589035	1.0
0.931691529231029	1.0
0.9920954417220464	1.0
0.33721109417340345	1.0
0.17314876825697698	1.0
0.9941351264933752	1.0
0.9266647625471847	1.0
0.8193105010023576	1.0
0.893705106958275	1.0
0.9298636537240453	1.0
0.9885663520099606	1.0
0.9872557782905564	1.0
0.9339451216153872	1.0
0.3190710486246811	1.0
0.9808626483709268	1.0
0.8000232822288521	1.0
0.8361710024299814	1.0
0.7673382016985344	1.0
0.9342808207140898	1.0
0.6046353036106902	1.0
0.054979183889409235	1.0
0.9230852660845281	1.0
0.312956435823167	1.0
0.35173448104315697	1.0
0.05636935225237709	1.0
0.45103954640697586	1.0
0.641994472043704	1.0
0.9999794941327	1.0
0.17137917915584255	1.0
0.9788085311856185	1.0
0.4105202971010165	1.0
0.9989872028350916	1.0
0.5565477458611	1.0
0.39051825258486594	1.0
0.17200472126193742	1.0
0.13844515465906015	1.0
0.2414086275448921	1.0
0.2773033778245043	1.0
0.04638885402194311	1.0
0.8530351725663227	1.0
0.04778176253692704	1.0
0.025003440178478765	1.0
0.5008153940287359	1.0
0.9924485487317507	1.0
0.25320228623613833	1.0
0.23923956625711404	1.0
0.9740779857963691	1.0
0.9983033361624594	1.0
0.22225067780464927	1.0
0.26633670009059474	1.0
0.6641484833048323	1.0
0.34242274286962926	1.0
0.2580361275869705	1.0
0.03559098112453367	1.0
0.044041476706761465	1.0
0.4629012562869468	1.0
0.9782422421377324	1.0
0.08010134453408525	1.0
0.5035449449733626	1.0
0.6413812833999725	1.0
0.725583435707791	1.0
0.24623568063984266	1.0
0.5599297386679368	1.0
0.5026997413887517	1.0
0.32499238240936257	1.0
0.2858416178236427	1.0
0.558775596736751	1.0
0.1803853030178388	1.0
0.9749296581192772	1.0
0.7926140258840644	1.0
0.4591858759964422	1.0
0.9034391484064069	1.0
0.22435716296820396	1.0
0.8229014426517836	1.0
0.05904881706861786	1.0
0.24557560494172445	1.0
0.7326260762878554	1.0
0.7090846319716338	1.0
0.39446977752350504	1.0
0.8017957825873392	1.0
0.5670355523065637	1.0
0.9949756055882641	1.0
0.5658863978983015	1.0
0.5845309722147822	1.0
0.922245267718865	1.0
0.8646532569703324	1.0
0.7866085093158951	1.0
0.396522139309174	1.0
0.6390794600660279	1.0
0.7599446112869802	1.0
0.41248989786525225	1.0
0.7949337438579344	1.0
0.07697012241632988	1.0
0.8408232271624374	1.0
0.7896858986308763	1.0
0.6326005346601647	1.0
0.6391277720569966	1.0
0.1672527065960933	1.0
0.6537311097729297	1.0
0.6664933609513684	1.0
0.9234609593573186	1.0
0.04697207729070488	1.0
0.16185875153730625	1.0
0.782145894252957	1.0
0.900544361333711	1.0
0.26026564844962696	1.0
0.29973647932757047	1.0
0.0013923275478728615	1.0
0.4012882098581916	1.0
0.6831765056455212	1.0
0.9981149388756156	1.0
0.11695419347785883	1.0
0.9885865886036718	1.0
0.35976653638137795	1.0
0.9999500352426806	1.0
0.5100284027125325	1.0
0.3393140221004323	1.0
0.22590434528150155	1.0
0.19268549644171507	1.0
0.18769040216213914	1.0
0.3297069894185196	1.0
0.008601305549692908	1.0
0.8804360328544352	1.0
0.007206893964264929	1.0
0.029996372982533964	1.0
0.5476453705019628	1.0
0.997691308042942	1.0
0.30600691481308157	1.0
0.18549509684649634	1.0
0.9601677171630527	1.0
0.9935920993546599	1.0
0.1683103936984083	1.0
0.3189272048974353	1.0
0.6220414834560601	1.0
0.3935603004531423	1.0
0.3107631767452042	1.0
0.09048150109151086	1.0
0.09890070178604975	1.0
0.41346702823497145	1.0
0.965356343579258	1.0
0.13478271195558433	1.0
0.5502836459578	1.0
0.5982299391313455	1.0
0.6866529346256095	1.0
0.2991496232187109	1.0
0.7563547752092532	1.0
0.7288244928357831	1.0
0.8999381543641433	1.0
0.6503895429534003	1.0
0.9546461219886124	1.0
0.3786760292091379	1.0
0.843516715814995	1.0
0.5654723916384764	1.0
0.6838324460958232	1.0
0.4257402554870261	1.0
0.5528679832857819	1.0
0.6995963429318033	1.0
0.9754799366700259	1.0
0.9674414134325577	1.0
0.8029390465364104	1.0
0.9935336779197943	1.0
0.904250587644279	1.0
0.8097885751353946	1.0
0.90365427322084	1.0
0.9131804703362031	1.0
0.991591535766079	1.0
0.4949182609834781	1.0
0.9903854401823617	1.0
0.804268969502868	1.0
0.1658124844731978	1.0
0.33019382694116833	1.0
0.8145219150172223	1.0
0.9921753371468025	1.0
0.43467075657073523	1.0
0.9989752574520708	1.0
0.9910647288961285	1.0
0.9361885627164509	1.0
0.9391277472378413	1.0
0.6402021990512582	1.0
0.1847186768740205	1.0
0.9509257445301182	1.0
0.9911781336492663	1.0
0.46153932985031065	1.0
0.35615051828663535	1.0
0.9893645547370301	1.0
0.0411075120776029	1.0
0.2589210523458344	1.0
0.14906783428300993	1.0
0.8496920720283064	1.0
0.9477438304723748	1.0
0.1455559192085039	1.0
0.9937269768287897	1.0
0.10452904574197165	1.0
0.9628870992070726	1.0
0.26858185347898955	1.0
0.08279534942016932	1.0
0.4716566632343962	1.0
0.441433403194663	1.0
0.07441823251970649	1.0
0.5640567690131478	1.0
0.26856089990009036	1.0
0.9735024547064897	1.0
0.2672174124792745	1.0
0.28911114031328106	1.0
0.7465389091527403	1.0
0.9809831087489389	1.0
0.5432415337602351	1.0
0.07664639917971873	1.0
0.8543529499546731	1.0
0.9299333551983252	1.0
0.09404279015397093	1.0
0.5546104037860662	1.0
0.39682018500457134	1.0
0.6192589501315693	1.0
0.5474325732071876	1.0
0.34656131576125115	1.0
0.3544819376877133	1.0
0.16224089228182445	1.0
0.8641748700858339	1.0
0.3880284729264377	1.0
0.7486352832464509	1.0
0.3690559315416983	1.0
0.4737795257482931	1.0
0.5371871438945857	1.0
0.29840787763604254	1.0
0.10829361486437306	1.0
0.8706489891201032	1.0
0.9338281044514826	1.0
0.1861026031606211	1.0
0.9882898179184567	1.0
0.06355837206059836	1.0
0.9509780965329033	1.0
0.22875773581069886	1.0
0.04175899256412208	1.0
0.5075058613153477	1.0
0.4779457969193937	1.0
0.11534885477896002	1.0
0.5975239412564782	1.0
0.3079312265246627	1.0
0.9820799058920816	1.0
0.30660423081660604	1.0
0.3282188009677037	1.0
0.7732584258705452	1.0
0.9721752267668157	1.0
0.5772952469998135	1.0
0.11756819987382841	1.0
0.8322674950884188	1.0
0.9140309222099741	1.0
0.1348886285138426	1.0
0.5883475856850067	1.0
0.3587523284061718	1.0
0.6510125854475777	1.0
0.5813706573355684	1.0
0.3848283469413524	1.0
0.392620412272174	1.0
0.12154086867434044	1.0
0.8427594530304172	1.0
0.42558711475785105	1.0
0.7752560266032369	1.0
0.33053836209157195	1.0
0.4371779906408133	1.0
0.5714057440442681	1.0
0.40001251591520554	1.0
0.6841925952178561	1.0
0.9980285209616082	1.0
0.11557130767986326	1.0
0.9887953897649446	1.0
0.3584670870872997	1.0
0.9999351478088203	1.0
0.5088302872812323	1.0
0.33800396805267974	1.0
0.22726046148423665	1.0
0.19405154579235895	1.0
0.18632263680089953	1.0
0.33102114304098323	1.0
0.009993573255566534	1.0
0.8810953723686863	1.0
0.008599178367853585	1.0
0.031388044918422536	1.0
0.5488098148270727	1.0
0.9977848968853507	1.0
0.30733215481030285	1.0
0.18412675308065649	1.0
0.9597777362945259	1.0
0.9934337679050829	1.0
0.16693776588856882	1.0
0.3202465148735769	1.0
0.6209507099267937	1.0
0.39483988402838927	1.0
0.31208626528068156	1.0
0.09186802979896168	1.0
0.10028610731666922	1.0
0.41219888665172	1.0
0.964992100733204	1.0
0.13616220412064858	1.0
0.5514456751524422	1.0
0.5971136531102903	1.0
0.6856400672849003	1.0
0.3004779008575475	1.0
0.9187988111754484	1.0
0.8895972027422954	1.0
0.2914098846209584	1.0
0.9659532840873442	1.0
0.044890076164438485	1.0
0.9118946568833962	1.0
0.12199036621593674	1.0
0.06668574576150961	1.0
0.5978322052012899	1.0
0.5702589311013451	1.0
0.22224124243525195	1.0
0.6808452259860485	1.0
0.4091517470816911	1.0
0.9967138047017158	1.0
0.4078789561893806	1.0
0.4285828662137652	1.0
0.8373788642711625	1.0
0.9410895156432686	1.0
0.6623257259008387	1.0
0.22441935393265677	1.0
0.7673376986862368	1.0
0.8647267525472465	1.0
0.24139923636160976	1.0
0.6724545840705467	1.0
0.25555767846930416	1.0
0.7293860523640386	1.0
0.6660634802199479	1.0
0.4825188777144775	1.0
0.4899090968669566	1.0
0.01333530876556501	1.0
0.7795097369975067	1.0
0.5210809997881716	1.0
0.8391000602933154	1.0
0.22638774278255328	1.0
0.3372103556849866	1.0
0.6569183520413472	1.0
0.7708048810184726	1.0
0.7638942612435041	1.0
0.618995492544416	1.0
0.9001533123232118	1.0
0.7370460709870386	1.0
0.9600893534856523	1.0
0.8904309822933025	1.0
0.5005486532952064	1.0
0.5296649479850895	1.0
0.8080967888576794	1.0
0.4042059260049809	1.0
0.6768701019957877	1.0
0.31900295830557646	1.0
0.6778959055520299	1.0
0.6609641314337759	1.0
0.17170115976144631	1.0
0.6821714025684092	1.0
0.42694148811121646	1.0
0.8067785111224213	1.0
0.8920617666450241	1.0
0.8027901907479278	1.0
0.7963395598253926	1.0
0.4146028518957741	1.0
0.9891643063073562	1.0
0.340644641383189	1.0
0.422414811698707	1.0
0.6142997952415253	1.0
0.6076045387484588	1.0
0.9239809076109983	1.0
0.883219376736565	1.0
0.5785171240485827	1.0
0.16859076768470846	1.0
0.9843054446774335	1.0
0.9980898957916742	1.0
0.4334362729633946	1.0
0.9840874285407867	1.0
0.21104168309129379	1.0
0.9092037868769787	1.0
0.05139180513056208	1.0
0.8272344546839894	1.0
0.9180754253821622	1.0
0.9861774444917158	1.0
0.9912363975420533	1.0
0.9688576721237626	1.0
0.9625385598645342	1.0
0.9986058992711783	1.0
0.5273055650209167	1.0
0.9985313220544042	1.0
0.9995067434404563	1.0
0.8687436004103503	1.0
0.12901477361060948	1.0
0.9690150281842589	1.0
0.969408568339259	1.0
0.21996981960105805	1.0
0.051833226042937865	1.0
0.9735462689280238	1.0
0.9655659129829636	1.0
0.7433321481162007	1.0
0.9417196005137307	1.0
0.9677679223030433	1.0
0.999573872372509	1.0
0.9992912594106845	1.0
0.8834272528859839	1.0
0.2011970135627867	1.0
0.9972792543806136	1.0
0.8671760213295827	1.0
0.7630991513719145	1.0
0.683473447779358	1.0
0.9707670028852969	1.0
0.9994218149152065	1.0
0.24817435388794665	1.0
0.9919185731123835	1.0
0.4059292022018012	1.0
0.22696974439079534	1.0
0.3382849016078345	1.0
0.3061256937753721	1.0
0.07152662965637628	1.0
0.437858814979178	1.0
0.125492144575132	1.0
0.929849451692697	1.0
0.12410859146328021	1.0
0.14669208215000787	1.0
0.6417438579329889	1.0
0.9987870672758896	1.0
0.4152507019584548	1.0
0.06929762586247208	1.0
0.9208985369414447	1.0
0.9735545908368142	1.0
0.05186960120426234	1.0
0.4275852599126738	1.0
0.526199309893634	1.0
0.49837526825258477	1.0
0.4197939896451804	1.0
0.2063350179254122	1.0
0.21460277995303756	1.0
0.3041405061890801	1.0
0.9282139473543278	1.0
0.2497447474027571	1.0
0.6441613738602942	1.0
0.5004062129820286	1.0
0.596916659276033	1.0
0.40869507052879595	1.0
0.9765933435183022	1.0
0.1605284951541805	1.0
0.9271779271301008	1.0
0.9810558053394651	1.0
0.9289977799617528	1.0
0.9410322405630284	1.0
0.9992939294379218	1.0
0.883636502140395	1.0
0.9872541998319962	1.0
0.3361120992997632	1.0
0.9874751693045504	1.0
0.9836226655912674	1.0
0.7446559936376965	1.0
0.08316895649840139	1.0
0.895062293812609	1.0
0.9993753906789798	1.0
0.42088802428749417	1.0
0.26142378087043844	1.0
0.9998400532302051	1.0
0.8889142355510101	1.0
0.8677606560047109	1.0
0.8495151270280725	1.0
0.8928214279714102	1.0
0.9709001624189562	1.0
0.9688400893866855	1.0
0.9624173272405468	1.0
0.4033915144689365	1.0
0.959260390060093	1.0
0.7425455415580455	1.0
0.8823042374689317	1.0
0.8221348496083483	1.0
0.8982474510812941	1.0
0.9293993851105201	1.0
0.1664221966371697	1.0
0.021828369903944565	1.0
0.5612447102486848	1.0
0.5328084450063615	1.0
0.17824975622610184	1.0
0.6472801698398591	1.0
0.36777861032937575	1.0
0.9920727897649426	1.0
0.3664815305738491	1.0
0.3875925306974172	1.0
0.8119967844205864	1.0
0.9553207516610791	1.0
0.6280256929688788	1.0
0.18044807411939184	1.0
0.795349627037584	1.0
0.8864007587523118	1.0
0.197593397489943	1.0
0.6385518358342775	1.0
0.29869950687240604	1.0
0.6979413766118685	1.0
0.631908757178944	1.0
0.4427138961102762	1.0
0.4502812555128397	1.0
0.05820795044881858	1.0
0.8068426382590925	1.0
0.4822417103698566	1.0
0.8138350171405044	1.0
0.2698841355688092	1.0
0.3791312590129802	1.0
0.6224107348142454	1.0
0.8550161601226353	1.0
0.9372342579322531	1.0
0.9763590347440119	1.0
0.9831376898103649	1.0
0.9803029429259202	1.0
0.9473320082492356	1.0
0.9999990268410058	1.0
0.4829423972342927	1.0
0.9999961091789629	1.0
0.9997999195341156	1.0
0.8421432010952423	1.0
0.0778819824327332	1.0
0.9550406738954254	1.0
0.9807418182197921	1.0
0.26981219355245245	1.0
0.10308745390945158	1.0
0.9840023053715145	1.0
0.95091996621223	1.0
0.7767270203169687	1.0
0.923187037449247	1.0
0.9535463806049966	1.0
0.9967528613040009	1.0
0.9960362336544928	1.0
0.9063404367233718	1.0
0.25127202902716866	1.0
0.9921730054581519	1.0
0.8404368981146609	1.0
0.7953043370509392	1.0
0.7200850363112127	1.0
0.9571489438705839	1.0
0.1879065079916456	1.0
0.6911572383257281	1.0
0.6662106459126345	1.0
0.3395209812897904	1.0
0.765109263562707	1.0
0.517408013782783	1.0
0.9991512978604962	1.0
0.5162142216053357	1.0
0.535600500786278	1.0
0.897807452236822	1.0
0.8928088232670446	1.0
0.7487761391249175	1.0
0.34162194665041756	1.0
0.6833811774672365	1.0
0.796999593952565	1.0
0.3579789038743979	1.0
0.7577219649588237	1.0
0.1357094597958855	1.0
0.8073923681490468	1.0
0.752080853037786	1.0
0.5857646829656519	1.0
0.5925980765882339	1.0
0.10874380779498373	1.0
0.6972742415643659	1.0
0.6213088535615805	1.0
0.8991930266325767	1.0
0.10587375468649952	1.0
0.21984651919150286	1.0
0.7439880823308787	1.0
0.5430447356050937	1.0
0.5142095444350391	1.0
0.15672849055063967	1.0
0.6304872216872962	1.0
0.34739248749938106	1.0
0.989093358967183	1.0
0.3460845418370338	1.0
0.3673781163241803	1.0
0.7990629241656896	1.0
0.9615449648083096	1.0
0.6108893789955108	1.0
0.15893503268958967	1.0
0.8083914083603341	1.0
0.8962943184400127	1.0
0.1761483142592665	1.0
0.6216010387925869	1.0
0.31946018056257935	1.0
0.6821425860634514	1.0
0.6148402733569004	1.0
0.42303572181845095	1.0
0.4306837054533228	1.0
0.0799854408635287	1.0
0.8195458619142569	1.0
0.46300432202185504	1.0
0.800956728400968	1.0
0.2908382113366003	1.0
0.39923965162804953	1.0
0.6051775705724587	1.0
0.03396654795350194	1.0
0.4047281365280731	1.0
0.10791137261481008	1.0
0.21751703124230454	1.0
0.7505603907034869	1.0
0.21887788647415346	1.0
0.19658173862266765	1.0
0.34447190830393626	1.0
0.9565588384728317	1.0
0.08302892633849837	1.0
0.4026837720388692	1.0
0.9984700607693892	1.0
0.9934401638340411	1.0
0.38664108850735984	1.0
0.09657533090795666	1.0
0.782840945802925	1.0
0.1757129712526184	1.0
0.08801056190118041	1.0
0.13683520841042832	1.0
0.12845273761890014	1.0
0.608468913547717	1.0
0.9993477631744546	1.0
0.09254449862228403	1.0
0.3474334216103597	1.0
0.7637880739720397	1.0
0.8331317623564151	1.0
0.07585712205058477	1.0
0.37343432615770017	1.0
0.14161730546092283	1.0
0.18423824667990274	1.0
0.7725724531976063	1.0
0.18560865154542908	1.0
0.1631645314772976	1.0
0.3761608183965938	1.0
0.9659094607161004	1.0
0.11683028232046463	1.0
0.3713605000469072	1.0
0.9960157334272648	1.0
0.996751100833687	1.0
0.3550930064779226	1.0
0.13032738145058595	1.0
0.7612544944167438	1.0
0.2090496570844956	1.0
0.12179451936994065	1.0
0.10310919778242361	1.0
0.09469346001684155	1.0
0.5811627136008781	1.0
0.9975445231953262	1.0
0.05867031550246045	1.0
0.37908353230291303	1.0
0.7414230563629771	1.0
0.8138649871177774	1.0
0.10968203029654436	1.0
0.5010428921260983	1.0
0.19613190433590177	1.0
0.9537853424764492	1.0
0.19476434260800818	1.0
0.21706922750218818	1.0
0.6949552877468081	1.0
0.9927070263757533	1.0
0.479255393190993	1.0
0.0022345485905470868	1.0
0.8906585812611613	1.0
0.9547204357580608	1.0
0.019693598141920014	1.0
0.49114836853151733	1.0
0.4640280750906492	1.0
0.5591096028583702	1.0
0.4836377252139072	1.0
0.2757940071754124	1.0
0.28391327593890914	1.0
0.23522329639207684	1.0
0.8992252459739368	1.0
0.3183651466317448	1.0
0.6972214534761995	1.0
0.43719742347763135	1.0
0.5380017236515732	1.0
0.47292855598114875	1.0
0.3215744438902965	1.0
0.67486947097364	1.0
0.322894518601487	1.0
0.30123954859367486	1.0
0.24115353833165212	1.0
0.9195126197281817	1.0
0.02499468906782981	1.0
0.4991078126988079	1.0
0.9986064729308225	1.0
0.9752989835145551	1.0
0.4839024390243901	1.0
0.01139557911432521	1.0
0.8454143761296259	1.0
0.06845447131889855	1.0
0.019996001199589754	1.0
0.24293250101986893	1.0
0.23472003523934623	1.0
0.6905518302376227	1.0
0.9974089431505009	1.0
0.1994523630066848	1.0
0.24421559413118318	1.0
0.8289811881165591	1.0
0.8879497391698347	1.0
0.032186291558142975	1.0
0.8763250262959528	1.0
0.0013944548062711165	1.0
0.02139782833213255	1.0
0.540428308936038	1.0
0.9970702687769627	1.0
0.2978069002206441	1.0
0.19394026655248955	1.0
0.9625356127432806	1.0
0.9945275104466932	1.0
0.17678276730379722	1.0
0.3107632685591661	1.0
0.6287531600402947	1.0
0.3856385720054486	1.0
0.302576248696679	1.0
0.08191212984071373	1.0
0.09033790726733418	1.0
0.4212833862162632	1.0
0.9675650157830064	1.0
0.12625490590821264	1.0
0.5430813908183025	1.0
0.6051002462534234	1.0
0.6928805574311032	1.0
0.2909311378794741	1.0
0.8769959114755694	1.0
0.8658166148433252	1.0
0.47699588398673526	1.0
0.413277977696023	1.0
0.6931031398591955	1.0
0.95311150441915	1.0
0.7012931163211441	1.0
0.570638171090231	1.0
0.9476826618072849	1.0
0.6832348714021111	1.0
0.9843178427803032	1.0
0.6227712944939597	1.0
0.6894903291500655	1.0
0.8339214485831121	1.0
0.8292242801192462	1.0
0.9977053864249271	1.0
0.6874748046692415	1.0
0.8084929749685573	1.0
0.47421931955609004	1.0
0.9891746201963173	1.0
0.9656508755153904	1.0
0.6982712717778873	1.0
0.02279194306035734	1.0
0.5416010639245393	1.0
0.9971759626704725	1.0
0.2991377936738834	1.0
0.19257209922670337	1.0
0.9621565631106763	1.0
0.9943808578132323	1.0
0.17541010343143942	1.0
0.3120883780638382	1.0
0.6276682137685503	1.0
0.38692479069563573	1.0
0.3039050445080692	1.0
0.08330181901936089	1.0
0.09172657255654487	1.0
0.4200183050444298	1.0
0.9672118049229814	1.0
0.12763807930128843	1.0
0.5442517587012923	1.0
0.6039894637391365	1.0
0.6918744088208054	1.0
0.29226499128394473	1.0
0.5223006524216814	1.0
0.9952052376957331	1.0
0.2773117883555508	1.0
0.21488741707763379	1.0
0.9681173653011247	1.0
0.9965353423483504	1.0
0.19780310142798146	1.0
0.29035375126537455	1.0
0.645248258185922	1.0
0.36580757150344145	1.0
0.2821121618809538	1.0
0.06056745314963231	1.0
0.0690068872311149	1.0
0.4405932414828289	1.0
0.9727490473051487	1.0
0.1049993993023631	1.0
0.5249897172692353	1.0
0.6219975684927881	1.0
0.7081508707012818	1.0
0.27039228258732784	1.0
0.7975870959810736	1.0
0.26533521831172796	1.0
0.6933467939558248	1.0
0.9564079003126222	1.0
0.8932468288848529	1.0
0.6806597698269634	1.0
0.2521971409342692	1.0
0.9492663927770382	1.0
0.17415367746511762	1.0
0.26051118082842484	1.0
0.4696921771142582	1.0
0.462209172789574	1.0
0.8445937908992135	1.0
0.9506237424973946	1.0
0.4298740872320493	1.0
0.0031564123750526894	1.0
0.9393869504981736	1.0
0.9726599356282644	1.0
0.27226497034089686	1.0
0.9290497737556561	1.0
0.9929739270473639	1.0
0.3439862327804934	1.0
0.18024138487803226	1.0
0.994888603656284	1.0
0.9239320660067452	1.0
0.8234207627978737	1.0
0.8904489176189895	1.0
0.927188410217308	1.0
0.987454125217168	1.0
0.9860833795105843	1.0
0.9364963994915935	1.0
0.3258920682247874	1.0
0.9794341760065943	1.0
0.7956791628763408	1.0
0.8401015334039785	1.0
0.7719390433183435	1.0
0.9316873676351066	1.0
0.47729298814650767	1.0
0.9996135660292098	1.0
0.9805153330822773	1.0
0.4618778590721687	1.0
0.013601047167090138	1.0
0.8318003173909354	1.0
0.09336914260453377	1.0
0.004999937501173703	1.0
0.2186106769706644	1.0
0.21035029212147194	1.0
0.6722578592919213	1.0
0.9988954608718751	1.0
0.17489756702005035	1.0
0.26837717118225346	1.0
0.8147432591800629	1.0
0.8761762597159591	1.0
0.0071944970473583935	1.0
0.8916723459454353	1.0
0.9553828403150805	1.0
0.017459433747356198	1.0
0.4892006808299692	1.0
0.46600632552881094	1.0
0.5572555567032755	1.0
0.4816806882734948	1.0
0.27364543306300604	1.0
0.2817699702854073	1.0
0.23739455932074785	1.0
0.9002005845764689	1.0
0.3162460708820367	1.0
0.6956178636601614	1.0
0.4392060080150928	1.0
0.5398839792144173	1.0
0.47095851276287687	1.0
0.16911046809837382	1.0
0.8994399910111778	1.0
0.9991430238384071	1.0
0.577982711590622	1.0
0.9926513558066855	1.0
0.9994620837480076	1.0
0.9815119727069449	1.0
0.9830955721041722	1.0
0.7587182914268575	1.0
0.019202581575282398	1.0
0.9890679273862073	1.0
0.9554813558683356	1.0
0.6022459087009716	1.0
0.5061603611572564	1.0
0.9997876866114079	1.0
0.9603942122747889	1.0
0.9777528122643898	1.0
0.7076605160726328	1.0
0.957890336727973	1.0
0.979520876319707	1.0
0.9997432275019793	1.0
0.999899113683617	1.0
0.8579523014162757	1.0
0.15015327762736252	1.0
0.9997596187694292	1.0
0.8918233617005034	1.0
0.7285745076473155	1.0
0.6447177133564141	1.0
0.9819032620892592	1.0
0.4738984969770232	1.0
0.48138307536027664	1.0
0.5426733312202461	1.0
0.4663067479746752	1.0
0.25681070365809816	1.0
0.2649750085966006	1.0
0.2543187002207601	1.0
0.9076665247936833	1.0
0.29963449961917127	1.0
0.6829687657997053	1.0
0.45482437835809664	1.0
0.5544979800608499	1.0
0.45548479265623315	1.0
0.8392729780593197	1.0
0.07981887428882754	1.0
0.008601402142843079	1.0
0.23186252302312943	1.0
0.2236275734726791	1.0
0.682264763882131	1.0
0.9981639805267439	1.0
0.18827279851134818	1.0
0.25525026873068696	1.0
0.8225540814794505	1.0
0.8826507947456737	1.0
0.020794526729117385	1.0
0.8799935224311458	1.0
0.8345652602839244	1.0
0.690335547669337	1.0
0.6964295006949549	1.0
0.24264246050701205	1.0
0.5935463870065117	1.0
0.7218982118767124	1.0
0.950254270732442	1.0
0.03005243309483903	1.0
0.08542339186115783	1.0
0.8277853044971241	1.0
0.08838987993808653	1.0
0.3087664340756463	1.0
0.3007114984728091	1.0
0.7384439116397091	1.0
0.9901446304873491	1.0
0.26606354738053406	1.0
0.17726098753686237	1.0
0.8653215746440452	1.0
0.9173518069757127	1.0
0.10052979446155715	1.0
0.22348694420211707	1.0
0.2152357320975392	1.0
0.6759509953291934	1.0
0.9986480385886668	1.0
0.179818252478987	1.0
0.2635573071740761	1.0
0.8176321482812959	1.0
0.878575231753049	1.0
0.012194215216988618	1.0
0.008457126485905894	1.0
0.4941561770562001	1.0
0.9850063836141967	1.0
0.04457397804770868	1.0
0.4724764136924766	1.0
0.6682811242920408	1.0
0.7496151066467251	1.0
0.21158454146196592	1.0
0.501490903663792	1.0
0.9864301633468723	1.0
0.03612366315505895	1.0
0.46500588503723717	1.0
0.6745485561544765	1.0
0.7551858509468817	1.0
0.2033113201481212	1.0
0.7710873181035884	1.0
0.5324164481369499	1.0
0.8462795508339902	1.0
0.21337852491667758	1.0
0.3246261204712197	1.0
0.6669142517628327	1.0
0.9917171811662749	1.0
0.9496394277368947	1.0
0.6174644876811684	1.0
0.5226280945846075	1.0
0.9992076626929118	1.0
0.4327218353504779	1.0
0.7007758861378431	1.0
0.7783724110754342	1.0
0.167809434907973	1.0
0.9404644747205593	1.0
0.9733881167400958	1.0
0.27530078448454565	1.0
0.11532739181979615	1.0
0.8105506461706571	1.0
0.8726859020197807	1.0
0.7518097485113845	3.0
0.10081376898096645	3.0
0.681504921986822	3.0
0.3541809103451009	4.0
0.25107443076656827	5.0
0.93861092886037	5.0
0.6527950109834855	5.0
0.5048302684575217	5.0
0.8219300933655448	5.0
0.441686970919194	5.0
0.27192731038717466	5.0
0.4858306196844004	5.0
0.6360713188294134	5.0
0.18107841723911025	5.0
0.6165913518728523	6.0
0.9890219596451231	7.0
0.8951307136111524	7.0
0.30863749781616034	7.0
0.43565812110305735	8.0
0.8819784208966008	8.0
0.831405394009951	8.0
0.5885583270536906	8.0
0.9904387011442698	8.0
0.8819185852782565	8.0
0.7053090321410458	9.0
0.9934400674294883	9.0
0.9993995474631322	9.0
0.9488865457925298	9.0
0.6235947412184135	9.0
0.6840361460162385	9.0
0.45005786438429896	9.0
0.07986373388345314	9.0
0.20503798794270625	9.0
0.2825500039149348	9.0
0.31083509825707145	10.0
0.4469277135570495	10.0
0.4794293641255375	10.0
0.9980093060448965	10.0
0.7028524151314123	10.0
0.728463094377742	10.0
0.9681751577187055	10.0
0.03666812835334295	10.0
0.8646029454918855	10.0
0.845597387636865	10.0
0.7516101413058541	11.0
0.06040413045584795	11.0
0.4538346290822015	11.0
0.7103946797729142	11.0
0.37039644581382175	11.0
0.39918065799660174	11.0
0.9942070475658492	12.0
0.3845143610269111	13.0
0.7302662306458915	13.0
0.9368084968543031	13.0
0.8198595074775479	14.0
0.994398931802383	14.0
0.7375716863732973	14.0
0.656010229006504	14.0
0.9759331243280822	14.0
0.593531307520116	14.0
0.2125392197032459	15.0
0.4170385689247029	18.0
0.9111875537879194	18.0
0.6198266643061195	18.0
0.6563516829962068	18.0
0.2360871813375677	18.0
0.45968068021592373	18.0
0.38638752172466295	20.0
0.9931306875962884	21.0
0.9874994833187407	21.0
0.6231197341942396	21.0
0.9991474095369118	21.0
0.7517853234704199	21.0
0.040991758355322754	21.0
0.7038422883175499	21.0
0.07590921961399755	21.0
0.5669115447790359	21.0
0.6741319454153167	21.0
0.11671890292866906	21.0
0.5326669106583815	21.0
0.7557341055086556	21.0
0.17710109404262886	21.0
0.6278082496207091	21.0
0.8086486443849569	22.0
0.9547921675180535	22.0
0.9779384835797547	22.0
0.25157437264925614	22.0
0.8020868404835024	22.0
0.7442344098371774	22.0
0.6346416940597616	22.0
0.0912663413018969	22.0
0.9988706689638475	22.0
0.9990381437892827	22.0
0.9945485228340832	24.0
0.5470863964581112	24.0
0.775465515534557	24.0
0.24372788739992954	25.0
0.6176046824978466	26.0
0.6418994586651673	26.0
0.6935896943527832	26.0
0.2751060550403839	26.0
0.9844932110123497	26.0
0.9784190248822712	26.0
0.10059639247005722	26.0
0.3774059170062573	26.0
0.8826346437659042	26.0
0.9942421097964786	26.0
0.8280792980175495	26.0
0.6422946566485036	26.0
0.4686485376639657	26.0
0.8308710116644138	26.0
0.9947652849589674	26.0
0.1700957103918257	28.0
0.3938367685756777	28.0
0.891095895428686	28.0
0.9953427407683083	28.0
0.23174895818648664	28.0
0.955302436240856	28.0
0.9644410445355288	28.0
0.9978069329364645	28.0
0.8769339385836307	28.0
0.5376025578270276	28.0
0.046465366347866896	30.0
0.9849827617794035	31.0
0.424915246110034	32.0
0.9953731388463273	32.0
0.3395928252557896	32.0
0.05698221911603913	32.0
0.8602167964739983	32.0
0.7070742933375544	32.0
0.37264264798960084	32.0
0.9688504008238248	32.0
0.988280717215428	32.0
0.3926369634490896	32.0
0.9139479055732653	33.0
0.9302057395044981	33.0
0.6339698688112827	33.0
0.04205271755639284	33.0
0.44952373543065816	33.0
0.48669044686358015	33.0
0.5402156585523015	34.0
0.06375176776190926	34.0
0.7067285117680112	34.0
0.564515216598311	34.0
0.4854679355916097	34.0
0.976925244873648	34.0
0.029148332134757992	34.0
0.7503942852193941	34.0
0.5107447186043053	34.0
0.9827356915991521	34.0
0.9350762359368828	35.0
0.9373840170145313	35.0
0.6579374222344363	35.0
0.7746852834261067	36.0
0.5709851390623871	36.0
0.27492520450383134	36.0
0.5576145991481345	37.0
0.3601131129556525	37.0
0.22127359794281257	37.0
0.694773700149569	38.0
0.9817688257850562	38.0
0.8381778237704705	38.0
0.008590586817082892	39.0
0.19933280990658891	39.0
0.968091041946116	39.0
0.19090726493806345	39.0
0.965902529272354	39.0
0.8987106924311979	39.0
0.3811511126197677	40.0
