0.52947847090342
0.8280297345618989
0.8260583922792337
0.07312464834222947
0.9018452221128316
0.87447426438453
0.9803535217272409
0.943353755768887
0.9691973292098824
0.9325831400982181
0.40556677263396174
0.40235876351214356
0.466027607537351
0.9938224536310355
0.9986720943108337
0.7272179719764513
0.6245941084011272
0.952595608219618
0.9822501066846424
0.0035068772694345045
0.7848131069178425
0.8634082620093723
0.8919578603505274
0.386341091655756
0.25419268772034165
0.74734531715831
0.8217662939658359
0.7826349551516877
0.8651721929830105
0.8935378998363269
0.38957330523474504
0.2575828136213064
0.7496708165692334
0.823759546025789
0.931024991111555
0.9076038430228124
0.9633052008139664
0.916566291293707
0.9846121420898695
0.9564811622670356
0.05963509260335958
0.6014584282980915
0.7068067019615814
0.19663928867935768
0.07740541141182511
0.6480306990227276
0.7477350246010933
0.2547600898268056
0.13672381812364015
0.1391950293649086
0.43261955999110757
0.5378143722779104
0.5539029803042164
0.649928960772699
0.1201551714635419
