0.3597069995849567
1.4161810266339352
0.1415394733244273
2.448071666924334
1.0074717758619436
1.4766573427877012
0.19524586236593036
0.15507467296433847
1.6649353108020921
0.8271175551627891
2.215548022401851
2.8208451079006935
1.894415562918681
0.8392783818505989
0.7568536607664671
2.3760407010274682
2.9740648100904594
1.2545512976516182
0.0
2.0990200959485676
0.07747904492388095
0.2195295842499295
1.948729188428717
1.239784598705602
2.1603619150050175
2.1615655053268963
1.5047483166256952
0.9836350185516384
0.04472508716873097
2.685999041979784
2.4638657247375075
0.3709041775202721
1.3418001704498232
0.5808436716893517
1.296364571626125
1.1971635237196157
2.946346791223863
0.30780790086679144
1.6218184612119244
2.8650311392092664
0.4275122649448695
2.3050051142482557
1.2471770906711124
2.325400025643434
3.141592653589793
1.2471770906711124
0.08947256020449472
2.4465087992600205
0.44176142415005865
0.10004171361154007
0.1675278434993336
1.0379350480383984
0.0
2.5589291120504782
1.1129692579838455
1.3775966693777972
1.8577168665531432
1.5967992570196918
2.0725912970288034
0.26913973287455223
3.015017067627069
1.4947229733074425
0.5567064516444864
1.996541995364832
2.7762460915640776
0.22407528530181936
0.3790948331596482
2.4654621440291318
2.086330884128795
1.1494383831992143
0.15507467296433847
1.5457937218955355
2.5166556894433185
2.6616036486164196
0.25366173607545534
0.0
1.0471975511965979
1.3191487297259394
2.3489982417516773
2.5166556894433185
2.0252817150936115
1.163639703695356
0.5216462804332554
0.7151422072910205
2.6002158415053285
0.04472508716873097
3.07833655471465
2.956939539764772
2.847273949086638
0.2728752280514771
0.4690458582650856
0.9197739335440315
0.0
0.2728752280514771
1.7325001142302277
1.860846183884313
2.8762397039921432
1.8131621778338598
0.6681001997570769
2.3546304876418707
2.8762397039921432
0.3681353795027901
0.4440946743658145
0.07747904492388095
2.7518319207923185
0.1675278434993336
2.4848742888410893
1.4746482558895129
3.141592653589793
3.015017067627069
1.874440868518983
0.5490896443540264
1.5767963627954797
2.3158346760082824
1.760940019631122
0.07747904492388095
0.9618542683200664
0.5335637518264122
2.8208451079006935
0.9235399208351693
2.3546304876418707
2.590589962957278
1.537790334357838
1.0157296119578028
2.8083909295692426
0.1415394733244273
0.10004171361154007
1.7294612086995174
1.389809875548349
0.42021806578453097
1.1853205968501042
0.07747904492388095
2.3504033607144432
1.3191487297259394
0.7287611225998647
0.44176142415005865
0.1900224234627107
0.4690458582650856
2.5553043612593367
3.141592653589793
1.8131621778338598
0.5585961153385705
1.860846183884313
0.5094763950915543
1.6088054780759804
2.6905658417935308
1.4303349120850408
2.02305695826629
0.10959935783163847
2.4098333146881594
1.5827966148135606
0.15507467296433847
0.7827171505503572
0.7302614856969648
0.5916886424265441
3.141592653589793
2.5867816206097216
2.7847373792652568
2.847273949086638
1.7304740116101744
1.8786353972036645
1.2859603924440046
0.15507467296433847
0.07747904492388095
1.5057504687202856
2.9412578112666736
3.041550939978253
1.5367897727182265
0.283794109208328
0.20033484232311968
1.2196227468970275
3.0521200933852985
1.0781036685871965
0.2728752280514771
2.2652945924214527
1.4394187215938623
2.2006171887227457
0.3392635692901253
2.0725912970288034
0.7287611225998647
0.2908516389067387
0.619790785207718
0.06325609887514339
2.3546304876418707
0.04472508716873097
0.5155940062460905
0.1614203501484288
0.25761643714262145
2.904393786896605
0.7302614856969648
0.7480745104509228
1.7325001142302277
1.7487338100700984
2.931444404565336
2.1555571956282784
2.6725467953247075
1.081505548780781
2.3717209854080954
0.609385308030795
2.3489982417516773
2.830501051797832
2.6002158415053285
1.6759902278352852
2.8176882777848298
0.38178785422348993
2.0691726536112807
1.2890849198520296
0.7317593389016338
2.4038666851365442
2.511545963143953
0.5374830847182395
2.993132382593134
1.692093549392289
1.8786353972036645
0.32703179757052697
2.8083909295692426
1.4595671151542782
1.9369213721996534
0.8618952449125
0.15507467296433847
2.6725467953247075
0.25366173607545534
2.968170332494189
1.894415562918681
0.1675278434993336
1.8008194112164937
2.883976216447172
0.6249369641464748
1.6348400981890905
1.8111024866749839
1.3191487297259394
0.07747904492388095
2.3717209854080954
1.8838864464860312
1.0678603849554293
2.086330884128795
0.04472508716873097
0.6997549963688922
2.2665967469630495
1.8923068043331182
0.5771887039012348
1.6569026905096034
2.0064465718548115
0.5315943049560836
2.608028901763381
0.7953988301841436
2.6572903378438735
0.8605771113423151
1.1163109384961818
2.02305695826629
0.07747904492388095
0.15507467296433847
1.9976402881247686
0.6713220606231596
0.07747904492388095
0.5567064516444864
0.27656151438052673
0.7317593389016338
1.5367897727182265
0.863211890069541
1.4060521265963293
1.5497947829885086
1.5047483166256952
0.8526366375503008
2.0817392949519404
0.10959935783163847
1.237669023856729
2.4670617462982185
0.5490896443540264
2.962467838710904
0.621510285165663
2.4188584057763776
0.8216689662427895
0.8775988049223162
0.5094763950915543
0.20033484232311968
1.6649353108020921
0.7302614856969648
3.0073277475716567
2.6616036486164196
1.0961768697417058
1.3191487297259394
1.1351460817349817
1.6488756361204129
2.238265138973336
0.32074754568909986
0.475639656938923
1.5567958694212218
0.4077887620695583
0.5604800828536683
