
% frame   1000
% time 100.000
% report couple:link
%    class  identity    fiber1 abscissa1     pos1X     pos1Y dirFiber1X dirFiber1Y    fiber2 abscissa2     pos2X     pos2Y dirFiber2X dirFiber2Y     force cos_angle
         1       935        79     0.238    -2.102     1.446    -0.632    -0.775        71     0.231    -2.120     1.469    -0.864    -0.503     0.030     0.936
         1       111       160     0.245    -2.106     1.491    -0.654     0.757       115     0.211    -2.067     1.522    -0.848    -0.530     0.050     0.154
         1       806        88     0.245    -2.114     1.510     0.379    -0.925        41     0.235    -2.080     1.460     0.509    -0.861     0.060     0.990
         1       219        89     0.236    -2.095     1.477     0.477    -0.879        35     0.226    -2.117     1.475     0.195     0.981     0.022    -0.769
         1       452        27     0.243    -2.120     1.469     0.890     0.457       190     0.221    -2.116     1.491     0.861    -0.509     0.022     0.534
         1       790        54     0.249    -2.104     1.501     0.348     0.937        58     0.080    -2.133     1.483     0.966    -0.259     0.034     0.094
         1       709       189     0.181    -2.057     1.487    -0.982    -0.188       151     0.201    -2.077     1.498    -1.000     0.006     0.023     0.981
         1       813       125     0.032    -2.023     1.467    -0.969     0.246       163     0.212    -2.019     1.470    -0.996     0.094     0.005     0.988
         1       131       102     0.205    -2.124     1.473     0.945     0.326        63     0.236    -2.110     1.494    -0.413     0.911     0.025    -0.094
         1       900        53     0.214    -2.100     1.492    -0.999    -0.040       166     0.229    -2.095     1.494    -0.647    -0.762     0.006     0.677
         1       141       135     0.212    -2.090     1.489    -0.924    -0.383       190     0.217    -2.119     1.493     0.861    -0.509     0.029    -0.601
         1       245       151     0.239    -2.114     1.498    -1.000     0.006        67     0.225    -2.121     1.508     0.947    -0.320     0.012    -0.949
         1       572        49     0.221    -2.128     1.501    -0.967    -0.256        24     0.212    -2.127     1.510     0.550    -0.835     0.009    -0.318
         1       520        82     0.191    -2.082     1.505    -0.173    -0.985       115     0.190    -2.049     1.533    -0.848    -0.530     0.043     0.668
         1        99       120     0.247    -2.120     1.475     0.587    -0.810       116     0.216    -2.106     1.472    -0.128    -0.992     0.015     0.727
         1       563       124     0.237    -2.109     1.503     0.018     1.000       191     0.236    -2.091     1.474     0.680    -0.733     0.034    -0.721
         1       616        58     0.138    -2.077     1.469     0.966    -0.257       163     0.231    -2.037     1.471    -0.996     0.094     0.040    -0.986
         1       436       123     0.181    -2.143     1.471     0.998     0.061        25     0.224    -2.109     1.459     0.252     0.968     0.036     0.311
         1       614       190     0.247    -2.094     1.478     0.861    -0.509       131     0.249    -2.076     1.472     0.870    -0.492     0.019     1.000
         1       547        25     0.231    -2.108     1.465     0.252     0.968        76     0.191    -2.126     1.520     0.709    -0.706     0.057    -0.504
         1       872        58     0.092    -2.121     1.480     0.966    -0.257        38     0.226    -2.152     1.487     0.984    -0.179     0.031     0.997
         1       228        53     0.201    -2.088     1.492    -0.999    -0.040        49     0.198    -2.106     1.507    -0.967    -0.256     0.024     0.976
         1       858        67     0.233    -2.113     1.505     0.947    -0.320       166     0.220    -2.089     1.501    -0.647    -0.762     0.024    -0.369
         1        16        24     0.233    -2.115     1.492     0.550    -0.835       161     0.224    -2.107     1.506    -0.612    -0.791     0.016     0.325
         1       846        83     0.225    -2.113     1.477     0.271     0.963       169     0.250    -2.110     1.489    -0.951    -0.310     0.012    -0.556
         1       534        89     0.246    -2.090     1.468     0.477    -0.879       163     0.215    -2.022     1.470    -0.996     0.094     0.069    -0.557
         1       932       105     0.196    -2.135     1.467     0.999     0.048       124     0.229    -2.109     1.495     0.018     1.000     0.038     0.066
         1       114        76     0.218    -2.107     1.500     0.709    -0.706        64     0.248    -2.102     1.473     0.980     0.199     0.028     0.554
         1       683       191     0.018    -2.238     1.634     0.676    -0.737        97     0.037    -2.249     1.591     0.714    -0.701     0.045     0.999
         1       798        10     0.214    -2.097     1.492    -1.000    -0.020        27     0.249    -2.114     1.472     0.890     0.457     0.026    -0.898
         1       471        38     0.246    -2.133     1.483     0.984    -0.179       160     0.237    -2.101     1.484    -0.654     0.757     0.032    -0.779
         1       854        79     0.240    -2.102     1.445    -0.632    -0.775        98     0.226    -2.121     1.491    -0.307    -0.952     0.050     0.932
         1       146       199     0.136    -2.059     1.534    -0.207    -0.978        10     0.192    -2.075     1.492    -1.000    -0.020     0.044     0.227
         1       151        53     0.218    -2.105     1.491    -0.999    -0.040       126     0.061    -2.096     1.448    -0.858     0.514     0.044     0.836
         1       636        97     0.228    -2.112     1.457     0.716    -0.698         3     0.182    -2.149     1.464     0.866     0.499     0.037     0.271
         1       830       159     0.241    -2.105     1.509     0.644     0.765        67     0.220    -2.126     1.510     0.947    -0.320     0.021     0.365
         1       714       107     0.156    -2.138     1.437    -0.998     0.066        58     0.096    -2.118     1.479     0.966    -0.257     0.047    -0.981
         1       330       131     0.224    -2.098     1.485     0.870    -0.492       191     0.246    -2.084     1.467     0.680    -0.733     0.023     0.953
         1       827        98     0.215    -2.118     1.501    -0.307    -0.952        58     0.054    -2.158     1.490     0.966    -0.259     0.042    -0.051
         1       810        80     0.247    -2.093     1.505    -0.859     0.512        58     0.097    -2.116     1.479     0.966    -0.257     0.034    -0.962
         1       907        27     0.234    -2.127     1.465     0.890     0.457       105     0.198    -2.134     1.467     0.999     0.048     0.006     0.910
         1       206        24     0.242    -2.110     1.485     0.550    -0.835        25     0.224    -2.109     1.458     0.252     0.968     0.026    -0.670
         1       906       190     0.239    -2.100     1.482     0.861    -0.509       199     0.229    -2.078     1.443    -0.209    -0.978     0.045     0.318
         1       851        97     0.246    -2.100     1.445     0.716    -0.698       124     0.243    -2.109     1.509     0.018     1.000     0.065    -0.685
         1        29        63     0.217    -2.102     1.476    -0.413     0.911       183     0.196    -2.107     1.500     0.405    -0.914     0.024    -1.000
         1       375       190     0.244    -2.096     1.479     0.861    -0.509       199     0.217    -2.076     1.454    -0.209    -0.978     0.032     0.318
         1       816       151     0.180    -2.055     1.498    -1.000     0.006       163     0.194    -2.001     1.468    -0.996     0.094     0.062     0.996
         1       405       125     0.224    -2.209     1.514    -0.970     0.244       120     0.159    -2.172     1.546     0.588    -0.809     0.049    -0.768
         1       445       200     0.222    -2.089     1.462     0.301    -0.953       191     0.228    -2.096     1.480     0.680    -0.733     0.019     0.904
         1       215        54     0.167    -2.133     1.424     0.347     0.938        25     0.209    -2.113     1.444     0.252     0.968     0.029     0.995
         1        20        54     0.209    -2.118     1.464     0.348     0.937       130     0.238    -2.121     1.485     0.187     0.982     0.021     0.986
         1        87       131     0.226    -2.096     1.484     0.870    -0.492         3     0.226    -2.111     1.486     0.866     0.499     0.015     0.508
         1       474        58     0.087    -2.126     1.482     0.966    -0.257       193     0.241    -2.156     1.429     0.968    -0.252     0.060     1.000
         1       156        65     0.100     2.235    -2.186    -0.752     0.660        85     0.199     2.255    -2.179     0.264    -0.964     0.021    -0.835
         1       764       140     0.239    -1.991     1.626    -0.448    -0.894       151     0.235    -2.111     1.498    -1.000     0.006     0.175     0.442
         1        79        63     0.207    -2.098     1.467    -0.413     0.911       175     0.223    -2.091     1.503     0.814     0.580     0.037     0.192
         1       822        36     0.153    -2.087     1.426    -0.028     1.000       169     0.215    -2.077     1.499    -0.951    -0.310     0.074    -0.283
         1       569        89     0.212    -2.106     1.498     0.477    -0.879         3     0.235    -2.103     1.491     0.866     0.499     0.008    -0.026
         1       466        45     0.244    -2.078     1.479    -0.534     0.845       123     0.231    -2.093     1.474     0.998     0.061     0.016    -0.481
         1       562        72     0.093    -2.201     1.593     0.492    -0.871         2     0.103    -2.230     1.581     0.705    -0.710     0.031     0.964
         1       692        52     0.053     1.122     2.203     0.110    -0.994       184     0.184     1.202     2.176    -0.238     0.971     0.085    -0.992
         1       286       163     0.245    -2.052     1.473    -0.996     0.094       124     0.186    -2.110     1.452     0.018     1.000     0.062     0.076
         1       811        80     0.231    -2.080     1.497    -0.859     0.512        10     0.223    -2.105     1.492    -1.000    -0.020     0.026     0.849
         1       743       172     0.215    -2.116     1.489     0.997    -0.074        23     0.191    -2.086     1.524    -0.479    -0.878     0.047    -0.413
         1       529         3     0.179    -2.151     1.463     0.866     0.499        79     0.230    -2.096     1.452    -0.632    -0.775     0.056    -0.934
         1       406       177     0.192     2.085     0.068    -0.433     0.901       127     0.168     2.023     0.085    -0.622     0.783     0.064     0.975
         1        43        97     0.244    -2.102     1.446     0.716    -0.698       183     0.223    -2.096     1.475     0.405    -0.914     0.030     0.929
         1       548       198     0.166    -1.789     0.518    -0.998    -0.058        86     0.159    -1.788     0.526     0.743     0.669     0.007    -0.780
         1        96       190     0.217    -2.119     1.493     0.861    -0.509       124     0.228    -2.109     1.494     0.018     1.000     0.010    -0.493
         1       684        85     0.152     2.242    -2.133     0.266    -0.964       162     0.234     2.209    -2.161     0.989    -0.151     0.043     0.409
         1       633        71     0.169    -2.067     1.500    -0.864    -0.503       146     0.195    -2.038     1.515    -0.930    -0.367     0.033     0.988
         1       696       106     0.149     2.497    -1.492     0.640    -0.769        96     0.225     2.593    -1.518    -0.752    -0.659     0.099     0.025
         1       735       151     0.220    -2.095     1.498    -1.000     0.006       175     0.221    -2.092     1.502     0.814     0.580     0.005    -0.811
         1       805        71     0.200    -2.093     1.485    -0.864    -0.503       105     0.237    -2.094     1.469     0.999     0.048     0.016    -0.887
         1       179        41     0.231    -2.083     1.463     0.509    -0.861        76     0.233    -2.097     1.490     0.709    -0.706     0.030     0.968
         1        62        54     0.163    -2.135     1.420     0.347     0.938        29     0.222    -2.106     1.442     0.349     0.937     0.035     1.000
         1       661        88     0.204    -2.130     1.548     0.379    -0.925       161     0.216    -2.101     1.512    -0.612    -0.791     0.046     0.500
         1       991        23     0.230    -2.104     1.490    -0.479    -0.878       125     0.119    -2.107     1.488    -0.970     0.245     0.003     0.249
         1        30        49     0.219    -2.126     1.502    -0.967    -0.256       190     0.228    -2.110     1.488     0.861    -0.509     0.021    -0.702
         1       968       175     0.177    -2.128     1.477     0.814     0.580       151     0.224    -2.100     1.498    -1.000     0.006     0.035    -0.811
         1       752       159     0.233    -2.110     1.502     0.644     0.765       183     0.227    -2.094     1.472     0.405    -0.914     0.035    -0.439
         1       444       113     0.192    -1.763    -0.363    -0.934     0.357         9     0.067    -1.696    -0.337    -0.042     0.999     0.072     0.396
         1        12       190     0.203    -2.131     1.500     0.861    -0.509        72     0.243    -2.127     1.462     0.493    -0.870     0.039     0.867
         1         1       131     0.249    -2.076     1.473     0.870    -0.492        64     0.238    -2.112     1.471     0.980     0.199     0.036     0.755
         1       271       107     0.186    -2.168     1.439    -0.998     0.066        27     0.147    -2.204     1.426     0.888     0.459     0.039    -0.857
         1       724        43     0.165    -1.576     2.346    -0.694     0.720       144     0.127    -1.561     2.333    -0.657     0.754     0.020     0.999
         1       426       116     0.228    -2.107     1.460    -0.128    -0.992        35     0.235    -2.116     1.484     0.195     0.981     0.026    -0.998
         1       870        29     0.250    -2.097     1.468     0.349     0.937        82     0.237    -2.090     1.459    -0.173    -0.985     0.011    -0.983
         1       107       105     0.246    -2.086     1.469     0.999     0.048       125     0.106    -2.095     1.485    -0.970     0.245     0.018    -0.957
         1       866       102     0.240    -2.091     1.484     0.945     0.326       123     0.242    -2.082     1.474     0.998     0.061     0.014     0.963
         1       171        45     0.213    -2.062     1.453    -0.534     0.845        80     0.196    -2.050     1.479    -0.859     0.512     0.029     0.892
         1       414        76     0.199    -2.121     1.514     0.709    -0.706       116     0.143    -2.096     1.544    -0.132    -0.991     0.039     0.606
         1         8       193     0.233    -2.164     1.431     0.968    -0.252        58     0.094    -2.119     1.480     0.966    -0.257     0.066     1.000
         1       594       102     0.229    -2.101     1.481     0.945     0.326       123     0.199    -2.125     1.472     0.998     0.061     0.025     0.963
         1       172        36     0.224    -2.089     1.496    -0.028     1.000       189     0.176    -2.052     1.487    -0.982    -0.188     0.038    -0.161
         1       580       159     0.194    -2.135     1.472     0.644     0.765        24     0.213    -2.126     1.509     0.550    -0.835     0.038    -0.286
         1       987         3     0.235    -2.103     1.491     0.866     0.499        49     0.230    -2.138     1.499    -0.967    -0.256     0.036    -0.965
         1       358        58     0.145    -2.070     1.467     0.966    -0.257       124     0.241    -2.109     1.507     0.018     1.000     0.056    -0.240
         1       919        41     0.103    -2.148     1.573     0.510    -0.860       116     0.138    -2.096     1.549    -0.132    -0.991     0.057     0.785
         1       771       182     0.241    -2.052     1.444     0.510    -0.860       125     0.067    -2.057     1.476    -0.969     0.246     0.032    -0.706
         1       878        49     0.228    -2.135     1.499    -0.967    -0.256         3     0.226    -2.111     1.486     0.866     0.499     0.028    -0.965
         1       524       189     0.174    -2.050     1.488    -0.982    -0.188       115     0.223    -2.077     1.516    -0.848    -0.530     0.039     0.933
         1       125       124     0.218    -2.110     1.484     0.018     1.000        63     0.243    -2.113     1.501    -0.413     0.911     0.017     0.903
         1       149       135     0.216    -2.093     1.488    -0.924    -0.383       169     0.230    -2.091     1.495    -0.951    -0.310     0.007     0.997
         1       314        36     0.197    -2.088     1.470    -0.028     1.000       183     0.239    -2.089     1.460     0.405    -0.914     0.010    -0.925
         1       356       130     0.241    -2.121     1.488     0.187     0.982        54     0.240    -2.108     1.492     0.348     0.937     0.013     0.986
         1       632        54     0.240    -2.108     1.493     0.348     0.937       115     0.214    -2.069     1.521    -0.848    -0.530     0.047    -0.792
         1       670       171     0.243    -2.127     1.487    -0.939     0.344        25     0.245    -2.104     1.479     0.252     0.968     0.024     0.096
         1       467        80     0.232    -2.080     1.497    -0.859     0.512       190     0.226    -2.112     1.488     0.861    -0.509     0.033    -1.000
         1       531       189     0.227    -2.102     1.478    -0.982    -0.188       123     0.238    -2.086     1.474     0.998     0.061     0.017    -0.992
         1       105       166     0.232    -2.097     1.491    -0.647    -0.762        45     0.244    -2.078     1.478    -0.534     0.845     0.023    -0.299
         1       150        95     0.130    -2.075     2.560     0.999    -0.054        22     0.229    -2.108     2.585     0.880     0.475     0.042     0.853
         1        64        58     0.109    -2.105     1.476     0.966    -0.257        25     0.216    -2.111     1.451     0.252     0.968     0.025    -0.006
         1       951       125     0.138    -2.126     1.493    -0.970     0.245        89     0.226    -2.100     1.486     0.477    -0.879     0.027    -0.678
         1       845       123     0.240    -2.084     1.474     0.998     0.061       116     0.216    -2.106     1.472    -0.128    -0.992     0.022    -0.189
         1       389        90     0.164     0.127    -1.188     1.000    -0.029       158     0.049     0.285    -1.110     0.999     0.045     0.176     0.997
         1       260       172     0.222    -2.109     1.488     0.997    -0.074       182     0.242    -2.052     1.443     0.510    -0.860     0.073     0.572
         1       808       113     0.183    -1.755    -0.367    -0.934     0.357       100     0.192    -1.745    -0.412    -0.622     0.783     0.046     0.861
         1       852       151     0.217    -2.092     1.498    -1.000     0.006        67     0.229    -2.117     1.507     0.947    -0.320     0.026    -0.949
         1       583       109     0.156    -0.786     0.126    -0.720    -0.694       178     0.218    -0.767     0.095    -0.988     0.156     0.037     0.603
         1       556        71     0.243    -2.131     1.463    -0.864    -0.503        58     0.084    -2.129     1.482     0.966    -0.257     0.020    -0.706
         1        61        41     0.242    -2.077     1.454     0.509    -0.861       124     0.180    -2.110     1.446     0.018     1.000     0.034    -0.852
         1        18       123     0.223    -2.101     1.473     0.998     0.061        36     0.175    -2.087     1.448    -0.028     1.000     0.029     0.033
         1       774        54     0.157    -2.137     1.415     0.347     0.938        64     0.238    -2.112     1.471     0.980     0.199     0.061     0.527
         1       691         3     0.215    -2.120     1.481     0.866     0.499       189     0.235    -2.110     1.476    -0.982    -0.188     0.011    -0.945
         1       969        64     0.237    -2.113     1.471     0.980     0.199       123     0.209    -2.115     1.472     0.998     0.061     0.003     0.990
         1       606       183     0.249    -2.085     1.451     0.405    -0.914        72     0.228    -2.134     1.475     0.493    -0.870     0.055     0.995
         1       671       159     0.194    -2.135     1.473     0.644     0.765       126     0.071    -2.105     1.453    -0.858     0.514     0.036    -0.158
         1       847       119     0.200    -2.053     1.488     0.107    -0.994       172     0.246    -2.085     1.487     0.997    -0.074     0.032     0.180
         1       828        64     0.133    -2.215     1.450     0.980     0.197       175     0.113    -2.180     1.439     0.815     0.580     0.036     0.913
         1       604       131     0.176    -2.140     1.508     0.870    -0.492       116     0.196    -2.103     1.491    -0.128    -0.992     0.040     0.376
         1       865        83     0.242    -2.108     1.494     0.271     0.963        54     0.243    -2.107     1.495     0.348     0.937     0.002     0.997
         1       437         2     0.030    -2.282     1.633     0.704    -0.710        51     0.133    -2.237     1.644    -1.000    -0.002     0.046    -0.703
         1       710       125     0.110    -2.099     1.486    -0.970     0.245        23     0.234    -2.106     1.486    -0.479    -0.878     0.007     0.249
         1         3        24     0.250    -2.106     1.478     0.550    -0.835        58     0.087    -2.126     1.482     0.966    -0.257     0.020     0.746
         1       235       200     0.075    -2.133     1.602     0.297    -0.955       116     0.076    -2.087     1.611    -0.139    -0.990     0.046     0.904
         1       517        79     0.083    -2.004     1.566    -0.634    -0.774        23     0.063    -2.024     1.636    -0.477    -0.879     0.074     0.982
         1       567       163     0.233    -2.039     1.472    -0.996     0.094       146     0.228    -2.069     1.503    -0.930    -0.367     0.043     0.892
         1       930       107     0.201    -2.184     1.440    -0.998     0.066         3     0.089    -2.229     1.418     0.868     0.497     0.051    -0.833
         1       886       110     0.141    -1.259    -0.090    -0.218    -0.976        31     0.129    -1.211    -0.132     0.220     0.975     0.063    -1.000
         1       554        58     0.092    -2.122     1.480     0.966    -0.257       124     0.198    -2.110     1.463     0.018     1.000     0.021    -0.240
         1        82        10     0.098    -1.980     1.494    -1.000    -0.021        80     0.171    -2.027     1.465    -0.859     0.512     0.055     0.848
         1       177        29     0.195    -2.116     1.416     0.349     0.937       107     0.195    -2.177     1.440    -0.998     0.066     0.065    -0.286
         1       888       171     0.153    -2.042     1.456    -0.940     0.342       160     0.171    -2.057     1.434    -0.654     0.757     0.027     0.873
         1       914       199     0.191    -2.070     1.480    -0.209    -0.978       125     0.078    -2.068     1.478    -0.969     0.246     0.003    -0.038
         1       849       189     0.236    -2.110     1.476    -0.982    -0.188        58     0.077    -2.136     1.484     0.966    -0.259     0.027    -0.900
         1       284       115     0.216    -2.071     1.520    -0.848    -0.530       183     0.237    -2.090     1.463     0.405    -0.914     0.061     0.140
         1       639       125     0.129    -2.117     1.491    -0.970     0.245       159     0.236    -2.108     1.505     0.644     0.765     0.017    -0.437
         1       280        88     0.194    -2.133     1.557     0.379    -0.925        89     0.240    -2.093     1.474     0.477    -0.879     0.093     0.994
         1       660        36     0.183    -2.087     1.456    -0.028     1.000       166     0.225    -2.093     1.497    -0.647    -0.762     0.041    -0.744
         1       619       151     0.219    -2.095     1.498    -1.000     0.006       124     0.226    -2.109     1.492     0.018     1.000     0.016    -0.012
         1       479        71     0.068    -1.979     1.551    -0.864    -0.503       146     0.104    -1.953     1.548    -0.931    -0.365     0.026     0.988
         1       791        58     0.111    -2.103     1.475     0.966    -0.257         3     0.209    -2.125     1.478     0.866     0.499     0.023     0.709
         1       308       124     0.168    -2.110     1.434     0.018     1.000       160     0.180    -2.064     1.441    -0.654     0.757     0.047     0.745
         1        57       102     0.238    -2.093     1.484     0.945     0.326        58     0.115    -2.099     1.474     0.966    -0.257     0.011     0.830
         1       645       126     0.053    -2.089     1.444    -0.858     0.514       190     0.218    -2.118     1.492     0.861    -0.509     0.056    -1.000
         1       721       116     0.207    -2.105     1.481    -0.128    -0.992        63     0.228    -2.107     1.487    -0.413     0.911     0.006    -0.850
         1       440       126     0.151    -2.174     1.494    -0.859     0.512        38     0.246    -2.132     1.483     0.984    -0.179     0.044    -0.937
         1       501       163     0.239    -2.045     1.472    -0.996     0.094        64     0.213    -2.137     1.466     0.980     0.199     0.092    -0.957
         1       407       131     0.220    -2.101     1.487     0.870    -0.492        54     0.240    -2.108     1.493     0.348     0.937     0.009    -0.159
         1       213       124     0.233    -2.109     1.499     0.018     1.000        67     0.237    -2.109     1.504     0.947    -0.320     0.005    -0.303
         1       139       166     0.213    -2.085     1.506    -0.647    -0.762        24     0.232    -2.116     1.493     0.550    -0.835     0.033     0.281
         1        84        54     0.075    -2.165     1.337     0.346     0.938        35     0.086    -2.144     1.338     0.194     0.981     0.021     0.988
         1       357        89     0.221    -2.102     1.490     0.477    -0.879       183     0.225    -2.095     1.473     0.405    -0.914     0.018     0.997
         1        89        58     0.092    -2.122     1.480     0.966    -0.257        77     0.245    -2.137     1.537    -0.194    -0.981     0.058     0.065
         1       821        23     0.249    -2.113     1.473    -0.479    -0.878       159     0.207    -2.127     1.483     0.644     0.765     0.016    -0.980
         1       694        27     0.249    -2.114     1.472     0.890     0.457       146     0.250    -2.089     1.495    -0.930    -0.367     0.033    -0.995
         1       162       135     0.240    -2.116     1.479    -0.924    -0.383        63     0.230    -2.107     1.488    -0.413     0.911     0.013     0.034
         1       732        25     0.224    -2.109     1.459     0.252     0.968        36     0.187    -2.087     1.459    -0.028     1.000     0.022     0.960
         1       195       200     0.170    -2.104     1.511     0.301    -0.953       119     0.215    -2.051     1.473     0.107    -0.994     0.066     0.980
         1       255        72     0.248    -2.125     1.457     0.493    -0.870       166     0.239    -2.102     1.486    -0.647    -0.762     0.037     0.344
         1       895        58     0.120    -2.095     1.473     0.966    -0.257       171     0.237    -2.120     1.484    -0.939     0.344     0.028    -0.996
         1       712       151     0.192    -2.068     1.498    -1.000     0.006        23     0.242    -2.110     1.479    -0.479    -0.878     0.046     0.473
         1       608       102     0.207    -2.122     1.474     0.945     0.326       123     0.232    -2.092     1.474     0.998     0.061     0.030     0.963
         1       934         3     0.242    -2.097     1.494     0.866     0.499        82     0.156    -2.076     1.539    -0.171    -0.985     0.049    -0.640
         1       136       116     0.233    -2.108     1.455    -0.128    -0.992        58     0.123    -2.091     1.472     0.966    -0.257     0.024     0.131
         1       360        25     0.230    -2.108     1.464     0.252     0.968       146     0.243    -2.083     1.497    -0.930    -0.367     0.041    -0.589
         1       221       124     0.204    -2.110     1.470     0.018     1.000        29     0.249    -2.097     1.467     0.349     0.937     0.013     0.943
         1       268       123     0.201    -2.123     1.472     0.998     0.061        45     0.203    -2.056     1.444    -0.534     0.845     0.072    -0.481
         1       306       193     0.194    -2.202     1.441     0.968    -0.252        27     0.187    -2.169     1.444     0.890     0.457     0.033     0.746
         1        80       125     0.128    -2.116     1.491    -0.970     0.245       126     0.087    -2.119     1.461    -0.859     0.512     0.029     0.958
         1       127       190     0.184    -2.148     1.510     0.861    -0.509       183     0.235    -2.091     1.464     0.405    -0.914     0.072     0.814
         1       523        35     0.228    -2.117     1.477     0.195     0.981        25     0.241    -2.105     1.475     0.252     0.968     0.012     0.998
         1       390        71     0.238    -2.126     1.465    -0.864    -0.503        58     0.086    -2.128     1.482     0.966    -0.257     0.017    -0.706
         1       725        36     0.193    -2.088     1.466    -0.028     1.000       124     0.209    -2.110     1.475     0.018     1.000     0.024     0.999
         1       730       199     0.225    -2.077     1.447    -0.209    -0.978       200     0.231    -2.086     1.454     0.301    -0.953     0.011     0.870
         1       499       191     0.061    -2.210     1.603     0.676    -0.737        24     0.069    -2.205     1.629     0.551    -0.835     0.027     0.987
         1       824       175     0.064    -2.220     1.411     0.816     0.578       159     0.102    -2.194     1.402     0.641     0.767     0.027     0.967
         1       313        97     0.132    -2.181     1.524     0.714    -0.700       126     0.181    -2.199     1.509    -0.860     0.511     0.023    -0.972
         1       137       189     0.143    -2.020     1.494    -0.982    -0.188        80     0.147    -2.007     1.453    -0.858     0.514     0.042     0.745
         1       397        67     0.178    -2.165     1.523     0.947    -0.320        89     0.186    -2.119     1.521     0.477    -0.879     0.046     0.733
         1       108        49     0.172    -2.082     1.514    -0.967    -0.256       183     0.094    -2.148     1.593     0.408    -0.913     0.104    -0.161
         1       978        54     0.243    -2.107     1.496     0.348     0.937       190     0.241    -2.099     1.481     0.861    -0.509     0.017    -0.177
         1       674       105     0.221    -2.111     1.468     0.999     0.048        49     0.148    -2.058     1.520    -0.967    -0.254     0.074    -0.978
         1       458       170     0.205     2.205    -2.139    -0.135    -0.991        65     0.082     2.248    -2.198    -0.752     0.659     0.073    -0.552
         1       317        89     0.139    -2.141     1.562     0.477    -0.879        36     0.212    -2.088     1.485    -0.028     1.000     0.094    -0.892
         1       322        23     0.232    -2.105     1.489    -0.479    -0.878        24     0.241    -2.111     1.485     0.550    -0.835     0.007     0.470
         1       262         3     0.231    -2.106     1.489     0.866     0.499       125     0.130    -2.118     1.491    -0.970     0.245     0.012    -0.718
         1       240         2     0.245    -2.130     1.480     0.705    -0.710        38     0.226    -2.152     1.487     0.984    -0.179     0.023     0.820
         1       903       190     0.159    -2.169     1.522     0.861    -0.509        49     0.225    -2.132     1.500    -0.967    -0.256     0.043    -0.702
         1       758       142     0.192    -2.096     1.554    -0.378    -0.926       159     0.242    -2.104     1.510     0.644     0.765     0.045    -0.952
         1       408         2     0.237    -2.136     1.486     0.705    -0.710       125     0.103    -2.092     1.484    -0.970     0.245     0.044    -0.857
         1       526         3     0.215    -2.121     1.480     0.866     0.499       183     0.230    -2.093     1.469     0.405    -0.914     0.030    -0.105
         1       802       190     0.212    -2.124     1.495     0.861    -0.509       160     0.229    -2.096     1.478    -0.654     0.757     0.033    -0.948
         1       834       151     0.245    -2.120     1.498    -1.000     0.006       146     0.247    -2.086     1.496    -0.930    -0.367     0.034     0.928
         1       666       115     0.231    -2.084     1.512    -0.848    -0.530       131     0.238    -2.085     1.478     0.870    -0.492     0.034    -0.478
         1       803        54     0.233    -2.110     1.486     0.348     0.937       172     0.219    -2.112     1.489     0.997    -0.074     0.003     0.278
         1       953        98     0.228    -2.122     1.489    -0.307    -0.952        71     0.208    -2.100     1.481    -0.864    -0.503     0.023     0.744
         1       711        98     0.226    -2.121     1.491    -0.307    -0.952        63     0.208    -2.098     1.468    -0.413     0.911     0.032    -0.740
         1       573       131     0.218    -2.103     1.488     0.870    -0.492        63     0.230    -2.107     1.488    -0.413     0.911     0.004    -0.808
         1       933       131     0.165    -2.149     1.513     0.869    -0.494        72     0.192    -2.152     1.506     0.493    -0.870     0.008     0.859
         1       278       183     0.229    -2.093     1.469     0.405    -0.914        45     0.232    -2.072     1.469    -0.534     0.845     0.021    -0.989
         1        75       146     0.242    -2.082     1.497    -0.930    -0.367        89     0.247    -2.090     1.468     0.477    -0.879     0.031    -0.121
         1       188        89     0.228    -2.099     1.484     0.477    -0.879       189     0.238    -2.113     1.476    -0.982    -0.188     0.016    -0.303
         1       843        82     0.238    -2.090     1.459    -0.173    -0.985        23     0.243    -2.111     1.478    -0.479    -0.878     0.029     0.947
         1       920         3     0.234    -2.104     1.490     0.866     0.499       189     0.215    -2.090     1.480    -0.982    -0.188     0.017    -0.945
         1        76       169     0.209    -2.072     1.501    -0.951    -0.310        63     0.221    -2.104     1.481    -0.413     0.911     0.038     0.111
         1        55       126     0.056    -2.092     1.445    -0.858     0.514        82     0.246    -2.091     1.450    -0.173    -0.985     0.005    -0.358
         1       621         3     0.117    -2.205     1.432     0.868     0.497       130     0.173    -2.133     1.421     0.187     0.982     0.073     0.651
         1       130       105     0.155    -2.177     1.465     0.999     0.048        64     0.167    -2.181     1.457     0.980     0.199     0.009     0.988
         1       316        89     0.236    -2.095     1.477     0.477    -0.879        36     0.189    -2.088     1.462    -0.028     1.000     0.017    -0.892
         1       507        58     0.097    -2.117     1.479     0.966    -0.257       131     0.216    -2.104     1.488     0.870    -0.492     0.015     0.968
         1       848        88     0.242    -2.115     1.513     0.379    -0.925        45     0.235    -2.074     1.471    -0.534     0.845     0.059    -0.985
         1       744        49     0.242    -2.149     1.496    -0.967    -0.256        24     0.226    -2.119     1.498     0.550    -0.835     0.030    -0.318
         1        51       130     0.204    -2.128     1.452     0.187     0.982       124     0.171    -2.110     1.437     0.018     1.000     0.023     0.986
         1       929        36     0.222    -2.088     1.495    -0.028     1.000        49     0.225    -2.133     1.500    -0.967    -0.256     0.045    -0.228
         1       288       200     0.250    -2.080     1.435     0.301    -0.953        45     0.203    -2.057     1.444    -0.534     0.845     0.025    -0.967
         1       161       142     0.249    -2.118     1.502    -0.378    -0.926       115     0.232    -2.085     1.511    -0.848    -0.530     0.034     0.811
         1         4        58     0.127    -2.088     1.471     0.966    -0.257        35     0.243    -2.114     1.492     0.195     0.981     0.033    -0.064
         1        77       131     0.226    -2.096     1.484     0.870    -0.492        83     0.243    -2.108     1.494     0.271     0.963     0.016    -0.238
         1       894        23     0.229    -2.104     1.491    -0.479    -0.878       125     0.128    -2.117     1.491    -0.970     0.245     0.013     0.249
         1       537       199     0.196    -2.071     1.475    -0.209    -0.978       116     0.227    -2.107     1.461    -0.128    -0.992     0.039     0.997
         1       675         3     0.188    -2.143     1.467     0.866     0.499       125     0.144    -2.131     1.494    -0.970     0.245     0.030    -0.718
         1       157       142     0.204    -2.101     1.544    -0.378    -0.926       172     0.214    -2.117     1.489     0.997    -0.074     0.057    -0.308
         1       904       160     0.237    -2.101     1.484    -0.654     0.757        54     0.236    -2.109     1.489     0.348     0.937     0.009     0.482
         1       247       124     0.229    -2.109     1.494     0.018     1.000       190     0.205    -2.130     1.499     0.861    -0.509     0.021    -0.493
         1       323        89     0.243    -2.092     1.471     0.477    -0.879       182     0.181    -2.083     1.496     0.510    -0.860     0.026     0.999
         1       773        97     0.178    -2.148     1.492     0.716    -0.698       172     0.224    -2.107     1.488     0.997    -0.074     0.041     0.765
         1       792        82     0.240    -2.090     1.456    -0.173    -0.985         3     0.229    -2.109     1.487     0.866     0.499     0.036    -0.641
         1       133       179     0.179    -1.452     0.142    -0.914     0.407       195     0.098    -1.437     0.113    -0.097    -0.995     0.033    -0.316
         1       686        80     0.133    -1.996     1.446    -0.858     0.514        53     0.136    -2.023     1.494    -0.999    -0.036     0.055     0.838
         1       232        82     0.177    -2.079     1.519    -0.173    -0.985       129     0.168    -2.056     1.562    -0.966     0.257     0.050    -0.086
         1       622       105     0.197    -2.134     1.467     0.999     0.048       142     0.243    -2.115     1.507    -0.378    -0.926     0.045    -0.422
         1       708       126     0.097    -2.127     1.466    -0.859     0.512       151     0.246    -2.121     1.498    -1.000     0.006     0.032     0.862
         1       261        72     0.235    -2.131     1.469     0.493    -0.870       124     0.171    -2.110     1.437     0.018     1.000     0.038    -0.861
         1       552        49     0.207    -2.115     1.505    -0.967    -0.256       126     0.115    -2.143     1.475    -0.859     0.512     0.040     0.700
         1       257        91     0.238    -1.489    -2.170     0.325     0.946       143     0.215    -1.499    -2.011     0.153    -0.988     0.160    -0.885
         1       887        52     0.224     1.140     2.033     0.107    -0.994        81     0.167     1.139     2.119    -0.685    -0.729     0.086     0.652
         1       527       123     0.224    -2.100     1.473     0.998     0.061        72     0.235    -2.131     1.469     0.493    -0.870     0.031     0.439
         1       312       159     0.213    -2.123     1.487     0.644     0.765       125     0.157    -2.145     1.498    -0.970     0.245     0.024    -0.437
         1       955        83     0.095    -2.148     1.352     0.272     0.962        29     0.143    -2.134     1.368     0.346     0.938     0.021     0.997
         1       283        53     0.078    -1.965     1.497    -0.999    -0.032       189     0.041    -1.919     1.513    -0.982    -0.188     0.049     0.988
         1       823       183     0.153    -2.124     1.539     0.408    -0.913       151     0.221    -2.097     1.498    -1.000     0.006     0.050    -0.414
         1       841        89     0.207    -2.109     1.503     0.477    -0.879        82     0.208    -2.085     1.488    -0.173    -0.985     0.028     0.783
         1       922        54     0.197    -2.123     1.452     0.348     0.937        83     0.160    -2.130     1.414     0.272     0.962     0.039     0.997
         1       387        80     0.223    -2.073     1.492    -0.859     0.512        10     0.181    -2.063     1.493    -1.000    -0.020     0.010     0.849
         1       225        24     0.109    -2.184     1.596     0.549    -0.836       200     0.114    -2.121     1.565     0.300    -0.954     0.070     0.962
         1       842       193     0.175    -2.221     1.446     0.968    -0.252        27     0.162    -2.191     1.433     0.888     0.459     0.032     0.744
         1       439        23     0.240    -2.109     1.481    -0.479    -0.878       190     0.202    -2.132     1.501     0.861    -0.509     0.030     0.034
         1       542        52     0.127     1.130     2.129     0.109    -0.994        81     0.160     1.144     2.124    -0.685    -0.729     0.015     0.650
         1       693       161     0.237    -2.115     1.495    -0.612    -0.791       191     0.235    -2.091     1.474     0.680    -0.733     0.031     0.164
         1       258       168     0.045     0.610     1.375    -0.813    -0.582        32     0.242     0.674     1.332    -0.599     0.800     0.078     0.021
         1       438       105     0.195    -2.137     1.467     0.999     0.048       124     0.196    -2.110     1.462     0.018     1.000     0.027     0.066
         1       717       126     0.113    -2.141     1.474    -0.859     0.512       169     0.245    -2.106     1.490    -0.951    -0.310     0.038     0.658
         1       320         3     0.243    -2.096     1.495     0.866     0.499        80     0.245    -2.092     1.504    -0.859     0.512     0.010    -0.489
         1       521       163     0.237    -2.044     1.472    -0.996     0.094        10     0.240    -2.123     1.491    -1.000    -0.020     0.082     0.994
         1       383       124     0.208    -2.110     1.474     0.018     1.000       171     0.241    -2.124     1.486    -0.939     0.344     0.019     0.327
         1       880       198     0.195    -1.818     0.517    -0.998    -0.059        86     0.110    -1.824     0.493     0.743     0.669     0.025    -0.781
         1        69        22     0.203    -2.131     2.573     0.880     0.475        95     0.130    -2.075     2.560     0.999    -0.054     0.058     0.853
         1       553        82     0.246    -2.091     1.451    -0.173    -0.985        54     0.244    -2.106     1.496     0.348     0.937     0.048    -0.984
         1       129        71     0.215    -2.106     1.477    -0.864    -0.503       163     0.239    -2.045     1.472    -0.996     0.094     0.061     0.813
         1       687       189     0.228    -2.102     1.478    -0.982    -0.188       190     0.170    -2.160     1.517     0.861    -0.509     0.070    -0.750
         1       532        97     0.226    -2.114     1.458     0.716    -0.698       105     0.167    -2.164     1.465     0.999     0.048     0.051     0.681
         1       809       160     0.179    -2.063     1.440    -0.654     0.757        10     0.198    -2.080     1.492    -1.000    -0.020     0.055     0.639
         1       867       171     0.160    -2.048     1.458    -0.940     0.342       160     0.158    -2.049     1.424    -0.653     0.757     0.034     0.873
         1       564       145     0.239     0.439     1.102     0.754    -0.657        46     0.247     0.449     1.133     0.609    -0.793     0.032     0.980
         1       400        63     0.234    -2.109     1.492    -0.413     0.911       102     0.241    -2.090     1.485     0.945     0.326     0.020    -0.094
         1       874        98     0.185    -2.108     1.530    -0.307    -0.952       183     0.192    -2.108     1.503     0.405    -0.914     0.027     0.745
         1       680       124     0.116    -2.111     1.382     0.016     1.000       128     0.161    -2.212     1.354    -0.146    -0.989     0.104    -0.991
         1       159       105     0.202    -2.130     1.467     0.999     0.048        71     0.243    -2.131     1.463    -0.864    -0.503     0.004    -0.887
         1        35        64     0.248    -2.102     1.473     0.980     0.199        83     0.247    -2.107     1.499     0.271     0.963     0.026     0.457
         1       568       125     0.113    -2.102     1.487    -0.970     0.245        23     0.218    -2.098     1.501    -0.479    -0.878     0.014     0.249
         1       893       142     0.248    -2.117     1.503    -0.378    -0.926       191     0.197    -2.117     1.503     0.680    -0.733     0.001     0.422
         1       976       128     0.026    -2.192     1.489    -0.146    -0.989       172     0.064    -2.267     1.500     0.998    -0.068     0.076    -0.078
         1       609       135     0.245    -2.121     1.477    -0.924    -0.383        83     0.223    -2.113     1.475     0.271     0.963     0.008    -0.619
         1       788       123     0.221    -2.103     1.473     0.998     0.061        58     0.110    -2.104     1.476     0.966    -0.257     0.003     0.949
         1       598       105     0.208    -2.124     1.467     0.999     0.048         3     0.204    -2.130     1.475     0.866     0.499     0.010     0.889
         1       741        83     0.168    -2.128     1.423     0.271     0.963        58     0.101    -2.113     1.478     0.966    -0.257     0.057     0.014
         1       502        88     0.241    -2.115     1.514     0.379    -0.925        97     0.185    -2.143     1.487     0.716    -0.698     0.039     0.918
         1       599       126     0.067    -2.102     1.451    -0.858     0.514        10     0.219    -2.101     1.492    -1.000    -0.020     0.041     0.847
% end
