
% time 0.000
% report fiber:position
% fiber class 1 is actin
%    class  identity    length      posX      posY      dirX      dirY  endToEnd   cosinus organizer
         1         1     0.250     0.229     1.595    -0.469     0.883     0.250     1.000         0
         1         2     0.250     1.117     1.470    -0.802     0.597     0.250     1.000         0
         1         3     0.250    -0.391    -0.535    -0.557    -0.831     0.250     1.000         0
         1         4     0.250    -0.237     0.453     0.983     0.184     0.250     1.000         0
         1         5     0.250    -0.627    -1.471    -0.969    -0.248     0.250     1.000         0
         1         6     0.250    -0.052    -1.341    -0.307    -0.952     0.250     1.000         0
         1         7     0.250     0.674     1.050    -0.597     0.802     0.250     1.000         0
         1         8     0.250     0.497    -0.747    -0.997    -0.077     0.250     1.000         0
         1         9     0.250    -0.584    -0.722    -0.978     0.207     0.250     1.000         0
         1        10     0.250     0.717    -0.928     0.963    -0.269     0.250     1.000         0
         1        11     0.250    -0.940    -1.613     0.808    -0.589     0.250     1.000         0
         1        12     0.250    -1.005     0.931     0.387     0.922     0.250     1.000         0
         1        13     0.250    -1.704     0.520    -0.575    -0.818     0.250     1.000         0
         1        14     0.250     1.344    -1.423     0.872     0.489     0.250     1.000         0
         1        15     0.250     0.701     0.681    -0.719     0.695     0.250     1.000         0
         1        16     0.250    -0.703    -1.318    -0.390    -0.921     0.250     1.000         0
         1        17     0.250    -0.225     0.003    -0.967     0.255     0.250     1.000         0
         1        18     0.250     0.190     0.809    -0.946    -0.325     0.250     1.000         0
         1        19     0.250     0.879    -0.539    -0.232     0.973     0.250     1.000         0
         1        20     0.250    -0.636    -0.035    -0.972    -0.235     0.250     1.000         0
         1        21     0.250    -1.186     0.886     0.949     0.316     0.250     1.000         0
         1        22     0.250    -1.536     1.181     0.088    -0.996     0.250     1.000         0
         1        23     0.250     1.710     0.243     0.953    -0.304     0.250     1.000         0
         1        24     0.250     0.962    -0.268    -0.711    -0.704     0.250     1.000         0
         1        25     0.250    -0.792     0.932    -0.047     0.999     0.250     1.000         0
         1        26     0.250     0.761    -0.230    -0.707     0.707     0.250     1.000         0
         1        27     0.250    -0.688    -0.001    -0.448     0.894     0.250     1.000         0
         1        28     0.250     0.802    -0.308    -0.963     0.271     0.250     1.000         0
         1        29     0.250    -0.913    -0.852    -0.849     0.528     0.250     1.000         0
         1        30     0.250    -1.191     1.443     0.121     0.993     0.250     1.000         0
         1        31     0.250     1.512    -0.480     0.323    -0.947     0.250     1.000         0
         1        32     0.250    -1.201    -1.305     0.270     0.963     0.250     1.000         0
         1        33     0.250    -1.583     0.112    -0.875    -0.483     0.250     1.000         0
         1        34     0.250    -0.823    -1.644     0.415     0.910     0.250     1.000         0
         1        35     0.250     0.218    -0.187     0.013    -1.000     0.250     1.000         0
         1        36     0.250    -0.993     0.354     0.910    -0.416     0.250     1.000         0
         1        37     0.250    -0.743     1.026     0.436    -0.900     0.250     1.000         0
         1        38     0.250    -0.749     0.695    -0.988     0.154     0.250     1.000         0
         1        39     0.250    -0.593    -1.404     0.980     0.199     0.250     1.000         0
         1        40     0.250     0.600    -0.754    -0.996     0.086     0.250     1.000         0
         1        41     0.250     0.098    -0.642    -0.834    -0.552     0.250     1.000         0
         1        42     0.250     0.741    -1.528     0.222     0.975     0.250     1.000         0
         1        43     0.250     0.167     0.778     0.923    -0.385     0.250     1.000         0
         1        44     0.250     1.064     0.448    -0.588    -0.809     0.250     1.000         0
         1        45     0.250    -1.427     0.943    -0.980    -0.197     0.250     1.000         0
         1        46     0.250     0.667     1.222     0.701     0.713     0.250     1.000         0
         1        47     0.250    -0.866     1.727     0.626    -0.780     0.250     1.000         0
         1        48     0.250    -0.786     1.349    -0.046    -0.999     0.250     1.000         0
         1        49     0.250    -0.170    -0.578     0.984    -0.178     0.250     1.000         0
         1        50     0.250    -0.989     0.347     0.535    -0.845     0.250     1.000         0
         1        51     0.250    -1.156    -0.102    -0.964    -0.265     0.250     1.000         0
         1        52     0.250    -1.422    -1.600    -0.834     0.552     0.250     1.000         0
         1        53     0.250    -0.659    -1.553    -0.820    -0.572     0.250     1.000         0
         1        54     0.250    -1.083     1.711     0.030    -1.000     0.250     1.000         0
         1        55     0.250     1.142     1.737    -0.911    -0.413     0.250     1.000         0
         1        56     0.250    -1.510     1.181     0.488    -0.873     0.250     1.000         0
         1        57     0.250     0.071     1.704    -0.560    -0.828     0.250     1.000         0
         1        58     0.250    -1.469     1.133    -0.805     0.594     0.250     1.000         0
         1        59     0.250    -1.705    -1.382    -0.405    -0.914     0.250     1.000         0
         1        60     0.250     0.756    -0.267    -0.911     0.412     0.250     1.000         0
         1        61     0.250    -1.452     0.486    -0.846     0.533     0.250     1.000         0
         1        62     0.250     0.022     0.372    -0.999     0.042     0.250     1.000         0
         1        63     0.250    -0.646     1.484     0.358    -0.934     0.250     1.000         0
         1        64     0.250     1.256     1.667    -0.308     0.951     0.250     1.000         0
         1        65     0.250     1.459     0.016    -0.969    -0.247     0.250     1.000         0
         1        66     0.250    -0.660     1.630    -0.909    -0.416     0.250     1.000         0
         1        67     0.250    -1.478     0.510     0.189    -0.982     0.250     1.000         0
         1        68     0.250    -0.931    -0.783    -0.770     0.638     0.250     1.000         0
         1        69     0.250    -1.466     0.278    -0.089     0.996     0.250     1.000         0
         1        70     0.250     0.055    -0.581    -0.933     0.360     0.250     1.000         0
         1        71     0.250    -0.256     1.607    -0.723     0.691     0.250     1.000         0
         1        72     0.250     0.717     0.621    -0.995    -0.097     0.250     1.000         0
         1        73     0.250     1.631     0.291    -0.686     0.728     0.250     1.000         0
         1        74     0.250    -0.664    -0.308    -0.878    -0.478     0.250     1.000         0
         1        75     0.250     1.533     1.379    -0.762    -0.647     0.250     1.000         0
         1        76     0.250     1.272    -1.035    -0.077     0.997     0.250     1.000         0
         1        77     0.250    -1.601    -0.645     0.905     0.426     0.250     1.000         0
         1        78     0.250    -1.535    -1.632    -0.024     1.000     0.250     1.000         0
         1        79     0.250     0.060     0.083     0.305    -0.952     0.250     1.000         0
         1        80     0.250    -1.679    -1.356     0.997     0.079     0.250     1.000         0
         1        81     0.250     0.165    -1.364     1.000    -0.010     0.250     1.000         0
         1        82     0.250    -1.196    -1.269     0.720     0.694     0.250     1.000         0
         1        83     0.250    -1.579    -0.448     0.357     0.934     0.250     1.000         0
         1        84     0.250    -1.453    -0.725     0.996    -0.084     0.250     1.000         0
         1        85     0.250     0.849     0.473     0.349    -0.937     0.250     1.000         0
         1        86     0.250    -0.900    -0.874    -0.099     0.995     0.250     1.000         0
         1        87     0.250    -0.559    -1.528    -0.968    -0.252     0.250     1.000         0
         1        88     0.250    -0.375     1.634    -0.431     0.903     0.250     1.000         0
         1        89     0.250     0.712    -0.014     0.908     0.418     0.250     1.000         0
         1        90     0.250     0.567    -0.371    -0.467    -0.884     0.250     1.000         0
         1        91     0.250    -0.391    -0.620     0.156     0.988     0.250     1.000         0
         1        92     0.250    -0.656    -0.341    -0.367    -0.930     0.250     1.000         0
         1        93     0.250     0.775     0.483    -0.624     0.781     0.250     1.000         0
         1        94     0.250     0.170    -0.538    -0.249    -0.969     0.250     1.000         0
         1        95     0.250    -1.187     0.617    -0.337     0.941     0.250     1.000         0
         1        96     0.250    -1.141    -1.036     0.849     0.528     0.250     1.000         0
         1        97     0.250    -1.391    -0.085    -0.413    -0.911     0.250     1.000         0
         1        98     0.250    -1.639     1.568    -0.048    -0.999     0.250     1.000         0
         1        99     0.250    -0.687    -1.116     0.708    -0.706     0.250     1.000         0
         1       100     0.250     0.518     1.682     0.167     0.986     0.250     1.000         0
% end
