
% frame   1000
% time 100.000
% report fiber:cluster_fiber_position
%  cluster nb_fibers  fiber_id      posX      posY      dirX      dirY
         7        71         7     1.616     0.654     0.944    -0.329
         7        71         9     1.830     0.516    -0.939     0.345
         7        71        15     1.722     0.493     0.068     0.998
         7        71        18     1.612     0.668     0.860    -0.510
         7        71        22     1.553     0.689     0.926    -0.378
         7        71        24     1.523     0.680     0.969    -0.245
         7        71        26     1.652     0.642     0.963    -0.271
         7        71        27     1.742     0.557    -0.271     0.962
         7        71        31     1.714     0.611    -0.862     0.507
         7        71        33     1.724     0.541    -0.458     0.889
         7        71        43     1.630     0.510     0.667     0.745
         7        71        47     1.743     0.509    -0.084     0.996
         7        71        50     1.578     0.604     0.937     0.350
         7        71        55     1.659     0.644     0.914    -0.405
         7        71        57     1.704     0.521    -0.065     0.998
         7        71        61     1.741     0.476    -0.065     0.998
         7        71        62     1.602     0.702     0.719    -0.695
         7        71        74     1.764     0.526    -0.778     0.629
         7        71        75     1.716     0.541    -0.070     0.998
         7        71        76     1.638     0.656     0.848    -0.530
         7        71        77     1.580     0.741     0.579    -0.815
         7        71        80     1.750     0.503    -0.229     0.974
         7        71        81     1.621     0.761    -0.467    -0.884
         7        71        84     1.651     0.540     0.707     0.707
         7        71        86     1.678     0.622     0.810    -0.587
         7        71        88     1.547     0.703     0.883    -0.470
         7        71        91     1.657     0.460     0.534     0.846
         7        71        93     1.574     0.663     0.958    -0.288
         7        71        96     1.576     0.698     0.855    -0.519
         7        71        97     1.661     0.541     0.121     0.993
         7        71       101     1.719     0.615    -0.888     0.461
         7        71       103     1.556     0.686     0.927    -0.374
         7        71       105     1.770     0.499    -0.628     0.779
         7        71       109     1.666     0.753    -0.195    -0.981
         7        71       115     1.673     0.627     0.918    -0.397
         7        71       117     1.616     0.560    -0.103     0.995
         7        71       121     1.717     0.591    -0.752     0.660
         7        71       123     1.589     0.683     0.866    -0.500
         7        71       126     1.619     0.661     0.900    -0.437
         7        71       128     1.751     0.581    -0.885     0.466
         7        71       131     1.689     0.694    -0.929     0.371
         7        71       132     1.750     0.535    -0.591     0.807
         7        71       135     1.682     0.478     0.286     0.958
         7        71       136     1.719     0.600    -0.805     0.593
         7        71       138     1.635     0.767    -0.615    -0.788
         7        71       145     1.796     0.525    -0.787     0.617
         7        71       146     1.556     0.620     1.000     0.030
         7        71       151     1.625     0.665     0.817    -0.576
         7        71       155     1.581     0.753     0.583    -0.812
         7        71       156     1.418     0.646     0.891     0.454
         7        71       157     1.727     0.601    -0.862     0.506
         7        71       158     1.653     0.484     0.705     0.709
         7        71       159     1.605     0.788     0.053    -0.999
         7        71       160     1.737     0.596    -0.845     0.534
         7        71       163     1.568     0.556     0.776     0.631
         7        71       168     1.582     0.564    -0.311     0.951
         7        71       170     1.695     0.538     0.161     0.987
         7        71       174     1.679     0.494     0.245     0.969
         7        71       176     1.514     0.653     0.976     0.217
         7        71       177     1.764     0.563    -0.760     0.650
         7        71       179     1.687     0.629    -0.818     0.575
         7        71       182     1.770     0.532    -0.637     0.771
         7        71       183     1.500     0.734     0.907    -0.420
         7        71       185     1.838     0.600    -0.988    -0.152
         7        71       186     1.597     0.678     0.884    -0.467
         7        71       189     1.714     0.524    -0.021     1.000
         7        71       191     1.760     0.570    -0.771     0.637
         7        71       192     1.733     0.492    -0.141     0.990
         7        71       194     1.506     0.687     0.997    -0.075
         7        71       197     1.563     0.660     0.985    -0.174
         7        71       198     1.650     0.749    -0.125    -0.992
        44         4        44    -1.149     2.470     0.988     0.152
        44         4        79    -1.237     2.430     0.943     0.332
        44         4       147    -1.251     2.394     0.696     0.719
        44         4       200    -1.270     2.512    -0.960     0.281
        25         3        25    -2.291     2.018    -0.515    -0.857
        25         3        68    -2.433     1.876     0.745     0.668
        25         3       130    -2.331     1.989    -0.776    -0.630
         8         2         8     1.703    -1.379    -0.989    -0.148
         8         2        95     1.529    -1.357     0.886    -0.464
        10         2        10    -0.962     0.302    -0.761    -0.648
        10         2       153    -1.050     0.379     0.340    -0.940
        30         2        30    -0.514    -1.307     0.952     0.306
        30         2       166    -0.424    -1.280     0.223    -0.975
        65         2        65     1.808    -0.060    -0.180    -0.984
        65         2       164     1.807    -0.133     0.191     0.982
        66         2        66    -1.897     1.506     0.459    -0.888
        66         2        87    -1.854     1.418     0.615    -0.789
       104         2       104    -1.792     2.015    -0.708    -0.706
       104         2       190    -1.847     1.957    -0.832    -0.554
       116         2       116     0.220    -0.973    -0.157    -0.988
       116         2       119     0.176    -1.056    -0.421     0.907
       139         2       139    -0.514    -0.517    -0.828    -0.560
       139         2       142    -0.641    -0.626    -0.964     0.267
       178         2       178    -0.454     0.308    -0.120     0.993
       178         2       181    -0.375     0.332     0.502     0.865
% end
