% frame   1000
% time 100.000
% report fiber:force
% identity      posX      posY    forceX    forceY   tension
%   fiber f1:0001
     1000          1     1.987     1.423     0.000     0.000     0.000
     1000          1     2.060     1.383     0.000     0.000     0.000
     1000          1     2.134     1.343     0.000     0.000     0.000
     1000          1     2.207     1.303     0.000     0.000     0.000
%   fiber f1:0002
     1000          2     2.382    -2.295     0.000     0.000    -0.008
     1000          2     2.356    -2.374     0.000     0.000    -0.015
     1000          2     2.330    -2.453     0.000     0.000    -0.023
     1000          2     2.304    -2.532     0.000     0.032     0.000
%   fiber f1:0003
     1000          3     1.928    -2.251     0.000     0.000     0.000
     1000          3     1.924    -2.168     0.000     0.000     0.000
     1000          3     1.921    -2.084     0.000     0.000     0.000
     1000          3     1.918    -2.001     0.000     0.000     0.000
%   fiber f1:0004
     1000          4    -1.159     0.816     0.000     0.000     0.000
     1000          4    -1.090     0.863     0.000     0.000     0.000
     1000          4    -1.021     0.909     0.000     0.000     0.000
     1000          4    -0.952     0.956     0.000     0.000     0.000
%   fiber f1:0005
     1000          5    -0.824     0.956     0.000     0.000     0.000
     1000          5    -0.777     1.024     0.000     0.000     0.000
     1000          5    -0.730     1.093     0.000     0.000     0.000
     1000          5    -0.682     1.162     0.000     0.000     0.000
%   fiber f1:0006
     1000          6    -0.269    -2.598     0.000     0.098    -0.009
     1000          6    -0.188    -2.621     0.000     0.121    -0.012
     1000          6    -0.108    -2.643     0.000     0.143    -0.009
     1000          6    -0.028    -2.666     0.000     0.166     0.000
%   fiber f1:0007
     1000          7     1.498     0.695     0.000     0.000     0.005
     1000          7     1.577     0.668     0.013     0.048     0.014
     1000          7     1.656     0.640     0.022     0.057     0.017
     1000          7     1.734     0.613     0.013    -0.028     0.000
%   fiber f1:0008
     1000          8     1.827    -1.361     0.000     0.000     0.002
     1000          8     1.744    -1.373     0.000     0.000     0.004
     1000          8     1.662    -1.386    -0.002     0.000     0.004
     1000          8     1.579    -1.398    -0.006     0.001     0.000
%   fiber f1:0009
     1000          9     1.948     0.472     0.000     0.000    -0.010
     1000          9     1.869     0.501     0.000     0.000    -0.021
     1000          9     1.791     0.530     0.000    -0.000    -0.031
     1000          9     1.713     0.559     0.031    -0.035     0.000
%   fiber f1:0010
     1000         10    -0.867     0.382     0.000     0.000    -0.005
     1000         10    -0.930     0.329     0.000     0.000    -0.011
     1000         10    -0.994     0.275    -0.017     0.047     0.001
     1000         10    -1.057     0.220    -0.005     0.013     0.000
%   fiber f1:0011
     1000         11    -2.372    -2.075     0.000     0.000    -0.039
     1000         11    -2.455    -2.082     0.000     0.000    -0.079
     1000         11    -2.538    -2.090     0.038     0.000    -0.081
     1000         11    -2.621    -2.097     0.121     0.000     0.000
%   fiber f1:0012
     1000         12    -0.917    -0.641     0.000     0.000     0.000
     1000         12    -0.887    -0.563     0.000     0.000     0.000
     1000         12    -0.857    -0.486     0.000     0.000     0.000
     1000         12    -0.826    -0.408     0.000     0.000     0.000
%   fiber f1:0013
     1000         13    -0.320    -1.754     0.000     0.000    -0.000
     1000         13    -0.388    -1.803     0.000     0.000    -0.000
     1000         13    -0.455    -1.852     0.000     0.000    -0.000
     1000         13    -0.523    -1.900     0.000     0.000     0.000
%   fiber f1:0014
     1000         14     2.231     2.326     0.000     0.000    -0.005
     1000         14     2.281     2.393     0.000     0.000    -0.011
     1000         14     2.330     2.460     0.000     0.000    -0.016
     1000         14     2.380     2.527     0.000    -0.027     0.000
%   fiber f1:0015
     1000         15     1.713     0.368     0.000     0.000    -0.007
     1000         15     1.719     0.451     0.042    -0.015    -0.003
     1000         15     1.725     0.534     0.055    -0.010    -0.004
     1000         15     1.730     0.618    -0.021    -0.010     0.000
%   fiber f1:0016
     1000         16    -0.413     1.580     0.000     0.000     0.000
     1000         16    -0.485     1.622     0.000     0.000     0.000
     1000         16    -0.557     1.664     0.000     0.000     0.000
     1000         16    -0.629     1.705     0.000     0.000     0.000
%   fiber f1:0017
     1000         17    -0.400    -0.764     0.000     0.000     0.000
     1000         17    -0.330    -0.719     0.000     0.000     0.000
     1000         17    -0.260    -0.674     0.000     0.000     0.000
     1000         17    -0.189    -0.629     0.000     0.000     0.000
%   fiber f1:0018
     1000         18     1.505     0.732     0.000     0.000    -0.029
     1000         18     1.576     0.689     0.001     0.009    -0.055
     1000         18     1.648     0.647    -0.007     0.067    -0.043
     1000         18     1.720     0.604    -0.053     0.052     0.000
%   fiber f1:0019
     1000         19     1.882    -2.422     0.000     0.000    -0.000
     1000         19     1.799    -2.431     0.000     0.000    -0.000
     1000         19     1.716    -2.440     0.000     0.000    -0.000
     1000         19     1.634    -2.449     0.000     0.000     0.000
%   fiber f1:0020
     1000         20    -0.453     0.478     0.000     0.000     0.000
     1000         20    -0.379     0.439     0.000     0.000     0.000
     1000         20    -0.305     0.400     0.000     0.000     0.000
     1000         20    -0.232     0.361     0.000     0.000     0.000
%   fiber f1:0021
     1000         21    -2.352     1.515     0.000     0.000     0.000
     1000         21    -2.316     1.440     0.000     0.000     0.000
     1000         21    -2.280     1.365     0.000     0.000     0.000
     1000         21    -2.244     1.290     0.000     0.000     0.000
%   fiber f1:0022
     1000         22     1.437     0.736     0.000     0.000    -0.031
     1000         22     1.515     0.705    -0.004     0.006    -0.055
     1000         22     1.592     0.673    -0.062     0.051    -0.010
     1000         22     1.669     0.642    -0.030     0.034     0.000
%   fiber f1:0023
     1000         23     2.477    -1.313     0.000     0.000    -0.003
     1000         23     2.495    -1.231     0.000     0.000    -0.005
     1000         23     2.514    -1.150    -0.014     0.000    -0.005
     1000         23     2.532    -1.069    -0.032     0.000     0.000
%   fiber f1:0024
     1000         24     1.402     0.711     0.000     0.000     0.070
     1000         24     1.483     0.690     0.020     0.065     0.136
     1000         24     1.564     0.670     0.081     0.049     0.139
     1000         24     1.645     0.649     0.214    -0.002     0.000
%   fiber f1:0025
     1000         25    -2.227     2.125     0.000     0.000     0.072
     1000         25    -2.270     2.054    -0.007    -0.006     0.136
     1000         25    -2.313     1.982    -0.172    -0.132     0.007
     1000         25    -2.356     1.911    -0.069    -0.053     0.000
%   fiber f1:0026
     1000         26     1.532     0.676     0.001     0.008    -0.039
     1000         26     1.612     0.654    -0.006     0.118    -0.042
     1000         26     1.692     0.631    -0.082     0.023     0.003
     1000         26     1.772     0.609    -0.038     0.003     0.000
%   fiber f1:0027
     1000         27     1.775     0.437     0.000     0.000    -0.028
     1000         27     1.753     0.517     0.008    -0.018    -0.038
     1000         27     1.730     0.597    -0.099    -0.072    -0.023
     1000         27     1.708     0.677    -0.084    -0.077     0.000
%   fiber f1:0028
     1000         28    -0.365     1.052     0.000     0.000     0.000
     1000         28    -0.288     1.018     0.000     0.000     0.000
     1000         28    -0.212     0.984     0.000     0.000     0.000
     1000         28    -0.136     0.951     0.000     0.000     0.000
%   fiber f1:0029
     1000         29    -1.963    -1.306     0.000     0.000     0.000
     1000         29    -2.009    -1.237     0.000     0.000     0.000
     1000         29    -2.055    -1.167     0.000     0.000     0.000
     1000         29    -2.101    -1.098     0.000     0.000     0.000
%   fiber f1:0030
     1000         30    -0.633    -1.345     0.000     0.000     0.015
     1000         30    -0.553    -1.320     0.000     0.000     0.031
     1000         30    -0.474    -1.294     0.050    -0.026     0.006
     1000         30    -0.395    -1.269     0.026    -0.014     0.000
%   fiber f1:0031
     1000         31     1.821     0.547     0.000     0.000    -0.001
     1000         31     1.749     0.589     0.004     0.022    -0.009
     1000         31     1.678     0.632     0.001     0.032    -0.025
     1000         31     1.606     0.674     0.013    -0.028     0.000
%   fiber f1:0032
     1000         32     1.829    -0.945     0.000     0.000     0.000
     1000         32     1.864    -1.020     0.000     0.000     0.000
     1000         32     1.900    -1.095     0.000     0.000     0.000
     1000         32     1.936    -1.171     0.000     0.000     0.000
%   fiber f1:0033
     1000         33     1.781     0.430    -0.024     0.009    -0.005
     1000         33     1.743     0.504    -0.064     0.023    -0.041
     1000         33     1.705     0.578    -0.054     0.036    -0.084
     1000         33     1.667     0.652     0.065    -0.045     0.000
%   fiber f1:0034
     1000         34     0.693     0.106     0.000     0.000     0.000
     1000         34     0.753     0.164     0.000     0.000     0.000
     1000         34     0.814     0.222     0.000     0.000     0.000
     1000         34     0.874     0.280     0.000     0.000     0.000
%   fiber f1:0035
     1000         35    -0.009     2.403     0.000     0.000     0.000
     1000         35    -0.088     2.430     0.000     0.000     0.000
     1000         35    -0.167     2.456     0.000     0.000     0.000
     1000         35    -0.246     2.483     0.000     0.000     0.000
%   fiber f1:0036
     1000         36    -2.131    -1.368     0.000     0.000     0.000
     1000         36    -2.214    -1.366     0.000     0.000     0.000
     1000         36    -2.297    -1.364     0.000     0.000     0.000
     1000         36    -2.381    -1.362     0.000     0.000     0.000
%   fiber f1:0037
     1000         37    -2.524     1.526     0.024     0.000    -0.015
     1000         37    -2.456     1.574     0.000     0.000    -0.010
     1000         37    -2.388     1.623     0.000     0.000    -0.005
     1000         37    -2.320     1.671     0.000     0.000     0.000
%   fiber f1:0038
     1000         38     0.968     0.513     0.000     0.000     0.000
     1000         38     1.016     0.581     0.000     0.000     0.000
     1000         38     1.064     0.649     0.000     0.000     0.000
     1000         38     1.112     0.717     0.000     0.000     0.000
%   fiber f1:0039
     1000         39     1.253    -2.480     0.000     0.000    -0.014
     1000         39     1.329    -2.513     0.000     0.013    -0.023
     1000         39     1.406    -2.547     0.000     0.047    -0.018
     1000         39     1.482    -2.581     0.000     0.081     0.000
%   fiber f1:0040
     1000         40     1.843    -0.668     0.000     0.000     0.000
     1000         40     1.872    -0.746     0.000     0.000     0.000
     1000         40     1.901    -0.824     0.000     0.000     0.000
     1000         40     1.930    -0.902     0.000     0.000     0.000
%   fiber f1:0041
     1000         41     0.066    -2.094     0.000     0.000    -0.000
     1000         41    -0.014    -2.118     0.000     0.000    -0.000
     1000         41    -0.094    -2.141     0.000     0.000    -0.000
     1000         41    -0.174    -2.164     0.000     0.000     0.000
%   fiber f1:0042
     1000         42     0.418     0.166     0.000     0.000     0.000
     1000         42     0.402     0.247     0.000     0.000     0.000
     1000         42     0.387     0.329     0.000     0.000     0.000
     1000         42     0.371     0.411     0.000     0.000     0.000
%   fiber f1:0043
     1000         43     1.547     0.417     0.000     0.000     0.033
     1000         43     1.602     0.479     0.000     0.000     0.066
     1000         43     1.658     0.541     0.044    -0.006     0.074
     1000         43     1.714     0.603     0.069     0.082     0.000
%   fiber f1:0044
     1000         44    -1.272     2.451     0.000     0.000    -0.033
     1000         44    -1.190     2.463    -0.036    -0.010    -0.029
     1000         44    -1.107     2.476    -0.083    -0.025     0.024
     1000         44    -1.025     2.489    -0.009    -0.003     0.000
%   fiber f1:0045
     1000         45    -1.833    -1.869     0.000     0.000    -0.000
     1000         45    -1.904    -1.913     0.000     0.000    -0.000
     1000         45    -1.974    -1.957     0.000     0.000    -0.000
     1000         45    -2.045    -2.002     0.000     0.000     0.000
%   fiber f1:0046
     1000         46    -0.931    -0.874     0.000     0.000     0.000
     1000         46    -0.892    -0.948     0.000     0.000     0.000
     1000         46    -0.852    -1.021     0.000     0.000     0.000
     1000         46    -0.813    -1.094     0.000     0.000     0.000
%   fiber f1:0047
     1000         47     1.753     0.385     0.009     0.012    -0.019
     1000         47     1.746     0.468     0.016     0.120    -0.145
     1000         47     1.739     0.551    -0.076    -0.046    -0.114
     1000         47     1.733     0.634    -0.013    -0.123     0.000
%   fiber f1:0048
     1000         48    -1.665     0.760     0.000     0.000     0.000
     1000         48    -1.727     0.815     0.000     0.000     0.000
     1000         48    -1.790     0.870     0.000     0.000     0.000
     1000         48    -1.853     0.925     0.000     0.000     0.000
%   fiber f1:0049
     1000         49     0.476     1.444     0.000     0.000     0.000
     1000         49     0.469     1.527     0.000     0.000     0.000
     1000         49     0.463     1.610     0.000     0.000     0.000
     1000         49     0.456     1.693     0.000     0.000     0.000
%   fiber f1:0050
     1000         50     1.461     0.560     0.000     0.000    -0.004
     1000         50     1.539     0.590     0.013     0.019    -0.028
     1000         50     1.617     0.619     0.051     0.280    -0.177
     1000         50     1.695     0.647    -0.150    -0.123     0.000
%   fiber f1:0051
     1000         51     0.156    -0.125     0.000     0.000     0.000
     1000         51     0.232    -0.091     0.000     0.000     0.000
     1000         51     0.307    -0.056     0.000     0.000     0.000
     1000         51     0.383    -0.021     0.000     0.000     0.000
%   fiber f1:0052
     1000         52    -0.151     1.097     0.000     0.000    -0.000
     1000         52    -0.173     1.017     0.000     0.000    -0.000
     1000         52    -0.195     0.936     0.000     0.000    -0.000
     1000         52    -0.217     0.856     0.000     0.000     0.000
%   fiber f1:0053
     1000         53    -2.240     1.621     0.000     0.000     0.000
     1000         53    -2.316     1.656     0.000     0.000     0.000
     1000         53    -2.392     1.690     0.000     0.000     0.000
     1000         53    -2.468     1.724     0.000     0.000     0.000
%   fiber f1:0054
     1000         54     0.955    -1.609     0.000     0.000     0.000
     1000         54     0.924    -1.532     0.000     0.000     0.000
     1000         54     0.892    -1.455     0.000     0.000     0.000
     1000         54     0.861    -1.378     0.000     0.000     0.000
%   fiber f1:0055
     1000         55     1.544     0.694     0.001     0.003    -0.029
     1000         55     1.620     0.661     0.033    -0.005    -0.090
     1000         55     1.697     0.627    -0.112     0.026    -0.006
     1000         55     1.773     0.593    -0.053    -0.036     0.000
%   fiber f1:0056
     1000         56    -1.097     0.377     0.000     0.000    -0.000
     1000         56    -1.180     0.369     0.000     0.000    -0.000
     1000         56    -1.263     0.362     0.000     0.000    -0.000
     1000         56    -1.346     0.355     0.000     0.000     0.000
%   fiber f1:0057
     1000         57     1.712     0.396     0.000     0.000     0.019
     1000         57     1.707     0.479    -0.040     0.063    -0.027
     1000         57     1.702     0.563     0.010     0.015    -0.021
     1000         57     1.696     0.646    -0.116    -0.009     0.000
%   fiber f1:0058
     1000         58     0.852    -0.723     0.000     0.000     0.000
     1000         58     0.802    -0.656     0.000     0.000     0.000
     1000         58     0.752    -0.589     0.000     0.000     0.000
     1000         58     0.703    -0.522     0.000     0.000     0.000
%   fiber f1:0059
     1000         59     0.172    -0.918     0.000     0.000     0.000
     1000         59     0.177    -1.001     0.000     0.000     0.000
     1000         59     0.183    -1.084     0.000     0.000     0.000
     1000         59     0.189    -1.167     0.000     0.000     0.000
%   fiber f1:0060
     1000         60     0.927    -0.161     0.000     0.000     0.000
     1000         60     1.010    -0.159     0.000     0.000     0.000
     1000         60     1.093    -0.157     0.000     0.000     0.000
     1000         60     1.177    -0.156     0.000     0.000     0.000
%   fiber f1:0061
     1000         61     1.749     0.351     0.000     0.000     0.024
     1000         61     1.744     0.434    -0.007    -0.013     0.060
     1000         61     1.738     0.517    -0.045     0.041     0.041
     1000         61     1.733     0.600    -0.047     0.062     0.000
%   fiber f1:0062
     1000         62     1.512     0.789     0.000     0.000     0.015
     1000         62     1.572     0.731     0.000     0.000     0.029
     1000         62     1.632     0.673     0.060    -0.076    -0.052
     1000         62     1.691     0.615    -0.012     0.041     0.000
%   fiber f1:0063
     1000         63    -0.446     0.235     0.000     0.000     0.000
     1000         63    -0.528     0.253     0.000     0.000     0.000
     1000         63    -0.609     0.272     0.000     0.000     0.000
     1000         63    -0.690     0.291     0.000     0.000     0.000
%   fiber f1:0064
     1000         64    -1.018    -1.241     0.000     0.000     0.000
     1000         64    -1.100    -1.227     0.000     0.000     0.000
     1000         64    -1.183    -1.214     0.000     0.000     0.000
     1000         64    -1.265    -1.200     0.000     0.000     0.000
%   fiber f1:0065
     1000         65     1.831     0.063     0.000     0.000     0.012
     1000         65     1.816    -0.019     0.021    -0.032    -0.004
     1000         65     1.801    -0.101     0.012    -0.013    -0.003
     1000         65     1.786    -0.183     0.023    -0.013     0.000
%   fiber f1:0066
     1000         66    -1.954     1.617     0.000     0.000     0.017
     1000         66    -1.916     1.543    -0.010    -0.005     0.035
     1000         66    -1.877     1.469    -0.032    -0.017     0.053
     1000         66    -1.839     1.395     0.049    -0.054     0.000
%   fiber f1:0067
     1000         67     0.417    -0.104     0.000     0.000    -0.000
     1000         67     0.388    -0.182     0.000     0.000    -0.000
     1000         67     0.359    -0.260     0.000     0.000    -0.000
     1000         67     0.330    -0.338     0.000     0.000     0.000
%   fiber f1:0068
     1000         68    -2.526     1.793     0.026     0.000     0.107
     1000         68    -2.464     1.848     0.033     0.032     0.188
     1000         68    -2.402     1.904     0.267     0.324    -0.101
     1000         68    -2.340     1.960     0.009     0.029     0.000
%   fiber f1:0069
     1000         69    -1.038     0.058     0.000     0.000     0.000
     1000         69    -0.999     0.132     0.000     0.000     0.000
     1000         69    -0.960     0.206     0.000     0.000     0.000
     1000         69    -0.921     0.279     0.000     0.000     0.000
%   fiber f1:0070
     1000         70     1.731    -1.511     0.000     0.000     0.000
     1000         70     1.655    -1.476     0.000     0.000     0.000
     1000         70     1.580    -1.441     0.000     0.000     0.000
     1000         70     1.504    -1.406     0.000     0.000     0.000
%   fiber f1:0071
     1000         71    -1.761     2.392     0.000     0.000    -0.009
     1000         71    -1.698     2.446     0.000     0.000    -0.019
     1000         71    -1.635     2.501     0.000    -0.001    -0.027
     1000         71    -1.573     2.556     0.000    -0.056     0.000
%   fiber f1:0072
     1000         72    -0.225    -0.272     0.000     0.000     0.000
     1000         72    -0.145    -0.295     0.000     0.000     0.000
     1000         72    -0.064    -0.317     0.000     0.000     0.000
     1000         72     0.016    -0.339     0.000     0.000     0.000
%   fiber f1:0073
     1000         73     0.543    -2.505     0.000     0.005    -0.000
     1000         73     0.626    -2.495     0.000     0.000    -0.000
     1000         73     0.709    -2.484     0.000     0.000    -0.000
     1000         73     0.791    -2.474     0.000     0.000     0.000
%   fiber f1:0074
     1000         74     1.861     0.448     0.000     0.000     0.004
     1000         74     1.796     0.500     0.000     0.000     0.007
     1000         74     1.731     0.552     0.008     0.032    -0.003
     1000         74     1.667     0.605     0.079     0.098     0.000
%   fiber f1:0075
     1000         75     1.725     0.416    -0.108     0.105    -0.139
     1000         75     1.719     0.499     0.049    -0.026    -0.137
     1000         75     1.713     0.582    -0.014    -0.088    -0.078
     1000         75     1.707     0.665     0.020    -0.104     0.000
%   fiber f1:0076
     1000         76     1.532     0.722     0.000     0.000    -0.038
     1000         76     1.602     0.678    -0.019     0.046    -0.035
     1000         76     1.673     0.634    -0.062     0.034    -0.003
     1000         76     1.744     0.590    -0.030     0.028     0.000
%   fiber f1:0077
     1000         77     1.508     0.843     0.000     0.000    -0.021
     1000         77     1.556     0.775     0.046    -0.019    -0.085
     1000         77     1.604     0.707    -0.004    -0.041    -0.137
     1000         77     1.653     0.639    -0.179     0.066     0.000
%   fiber f1:0078
     1000         78     2.428    -1.276     0.000     0.000     0.000
     1000         78     2.425    -1.192     0.000     0.000     0.000
     1000         78     2.423    -1.109     0.000     0.000     0.000
     1000         78     2.421    -1.026     0.000     0.000     0.000
%   fiber f1:0079
     1000         79    -1.355     2.388     0.000     0.000     0.021
     1000         79    -1.277     2.416     0.000     0.000     0.041
     1000         79    -1.198     2.443     0.006     0.002     0.055
     1000         79    -1.119     2.471     0.072     0.022     0.000
%   fiber f1:0080
     1000         80     1.779     0.382     0.000     0.000     0.011
     1000         80     1.760     0.463     0.025     0.028     0.001
     1000         80     1.741     0.544    -0.110     0.055    -0.066
     1000         80     1.722     0.625    -0.043    -0.067     0.000
%   fiber f1:0081
     1000         81     1.679     0.872     0.000     0.000     0.001
     1000         81     1.640     0.798     0.022     0.015     0.026
     1000         81     1.601     0.724    -0.026     0.012     0.026
     1000         81     1.562     0.651    -0.070     0.006     0.000
%   fiber f1:0082
     1000         82     1.483     0.699     0.000     0.000    -0.000
     1000         82     1.404     0.674     0.000     0.000    -0.000
     1000         82     1.324     0.648     0.000     0.000    -0.000
     1000         82     1.245     0.622     0.000     0.000     0.000
%   fiber f1:0083
     1000         83    -2.529     1.246     0.029     0.000    -0.013
     1000         83    -2.480     1.313     0.000     0.000    -0.009
     1000         83    -2.431     1.381     0.000     0.000    -0.004
     1000         83    -2.382     1.448     0.000     0.000     0.000
%   fiber f1:0084
     1000         84     1.563     0.451     0.000     0.000     0.029
     1000         84     1.622     0.510     0.013    -0.000     0.048
     1000         84     1.681     0.569     0.015     0.104    -0.007
     1000         84     1.740     0.628    -0.019     0.050     0.000
%   fiber f1:0085
     1000         85     0.283    -1.776     0.000     0.000     0.000
     1000         85     0.255    -1.697     0.000     0.000     0.000
     1000         85     0.227    -1.619     0.000     0.000     0.000
     1000         85     0.199    -1.540     0.000     0.000     0.000
%   fiber f1:0086
     1000         86     1.577     0.696     0.014    -0.012    -0.012
     1000         86     1.645     0.647     0.032     0.008    -0.027
     1000         86     1.712     0.598     0.009    -0.034    -0.049
     1000         86     1.780     0.549    -0.052     0.001     0.000
%   fiber f1:0087
     1000         87    -1.931     1.516     0.019     0.009    -0.021
     1000         87    -1.880     1.450     0.025     0.011    -0.043
     1000         87    -1.828     1.385    -0.044     0.049     0.007
     1000         87    -1.777     1.319    -0.006     0.007     0.000
%   fiber f1:0088
     1000         88     1.437     0.761     0.000     0.000     0.224
     1000         88     1.510     0.722    -0.026    -0.084     0.432
     1000         88     1.584     0.683     0.175    -0.099     0.455
     1000         88     1.657     0.644     0.579    -0.356     0.000
%   fiber f1:0089
     1000         89    -1.851     1.243     0.000     0.000     0.000
     1000         89    -1.895     1.313     0.000     0.000     0.000
     1000         89    -1.940     1.384     0.000     0.000     0.000
     1000         89    -1.984     1.454     0.000     0.000     0.000
%   fiber f1:0090
     1000         90    -0.629     1.214     0.000     0.000     0.000
     1000         90    -0.627     1.297     0.000     0.000     0.000
     1000         90    -0.624     1.380     0.000     0.000     0.000
     1000         90    -0.622     1.464     0.000     0.000     0.000
%   fiber f1:0091
     1000         91     1.590     0.355     0.000     0.000     0.005
     1000         91     1.634     0.425    -0.001    -0.011     0.021
     1000         91     1.679     0.495     0.022    -0.117     0.113
     1000         91     1.723     0.566     0.007     0.134     0.000
%   fiber f1:0092
     1000         92    -0.314    -0.766     0.000     0.000    -0.000
     1000         92    -0.393    -0.793     0.000     0.000    -0.000
     1000         92    -0.472    -0.820     0.000     0.000    -0.000
     1000         92    -0.551    -0.847     0.000     0.000     0.000
%   fiber f1:0093
     1000         93     1.455     0.700     0.000     0.000     0.097
     1000         93     1.534     0.675     0.029    -0.113     0.133
     1000         93     1.614     0.651     0.161    -0.074     0.055
     1000         93     1.694     0.627     0.155    -0.010     0.000
%   fiber f1:0094
     1000         94     0.626     2.299     0.000     0.000     0.000
     1000         94     0.693     2.250     0.000     0.000     0.000
     1000         94     0.761     2.202     0.000     0.000     0.000
     1000         94     0.829     2.154     0.000     0.000     0.000
%   fiber f1:0095
     1000         95     1.418    -1.299     0.000     0.000     0.002
     1000         95     1.492    -1.338     0.000     0.000     0.004
     1000         95     1.565    -1.377     0.004    -0.000     0.002
     1000         95     1.639    -1.415     0.004    -0.000     0.000
%   fiber f1:0096
     1000         96     1.469     0.762     0.000     0.000    -0.008
     1000         96     1.540     0.719     0.000     0.000    -0.017
     1000         96     1.611     0.676    -0.049    -0.044    -0.006
     1000         96     1.682     0.633    -0.086    -0.112     0.000
%   fiber f1:0097
     1000         97     1.646     0.417     0.000     0.000    -0.017
     1000         97     1.656     0.499     0.000     0.000    -0.034
     1000         97     1.666     0.582     0.097    -0.007    -0.055
     1000         97     1.676     0.665     0.010    -0.074     0.000
%   fiber f1:0098
     1000         98     0.768     0.287     0.000     0.000     0.000
     1000         98     0.725     0.359     0.000     0.000     0.000
     1000         98     0.682     0.430     0.000     0.000     0.000
     1000         98     0.639     0.501     0.000     0.000     0.000
%   fiber f1:0099
     1000         99     1.516    -1.826     0.000     0.000     0.000
     1000         99     1.530    -1.908     0.000     0.000     0.000
     1000         99     1.544    -1.990     0.000     0.000     0.000
     1000         99     1.558    -2.072     0.000     0.000     0.000
%   fiber f1:0100
     1000        100     1.139     0.452     0.000     0.000     0.000
     1000        100     1.145     0.535     0.000     0.000     0.000
     1000        100     1.150     0.618     0.000     0.000     0.000
     1000        100     1.155     0.701     0.000     0.000     0.000
%   fiber f1:0101
     1000        101     1.830     0.557     0.000     0.000     0.001
     1000        101     1.756     0.595    -0.004     0.020    -0.010
     1000        101     1.682     0.634    -0.038    -0.014    -0.037
     1000        101     1.608     0.672     0.012    -0.055     0.000
%   fiber f1:0102
     1000        102    -0.805     0.742     0.000     0.000    -0.000
     1000        102    -0.828     0.662     0.000     0.000    -0.000
     1000        102    -0.851     0.582     0.000     0.000    -0.000
     1000        102    -0.874     0.502     0.000     0.000     0.000
%   fiber f1:0103
     1000        103     1.440     0.733     0.000     0.000    -0.037
     1000        103     1.517     0.702     0.020    -0.006    -0.094
     1000        103     1.595     0.670    -0.014     0.014    -0.112
     1000        103     1.672     0.639    -0.155     0.015     0.000
%   fiber f1:0104
     1000        104    -1.704     2.103     0.000     0.000     0.023
     1000        104    -1.763     2.045     0.000     0.000     0.046
     1000        104    -1.822     1.986    -0.028    -0.016     0.037
     1000        104    -1.881     1.927    -0.054    -0.030     0.000
%   fiber f1:0105
     1000        105     1.849     0.402     0.000     0.000    -0.011
     1000        105     1.796     0.467    -0.046    -0.058    -0.006
     1000        105     1.744     0.531    -0.025    -0.036    -0.005
     1000        105     1.692     0.596     0.069     0.034     0.000
%   fiber f1:0106
     1000        106     0.758    -0.764     0.000     0.000     0.000
     1000        106     0.767    -0.847     0.000     0.000     0.000
     1000        106     0.777    -0.930     0.000     0.000     0.000
     1000        106     0.786    -1.012     0.000     0.000     0.000
%   fiber f1:0107
     1000        107    -0.007    -1.595     0.000     0.000     0.000
     1000        107    -0.090    -1.582     0.000     0.000     0.000
     1000        107    -0.172    -1.570     0.000     0.000     0.000
     1000        107    -0.255    -1.558     0.000     0.000     0.000
%   fiber f1:0108
     1000        108     1.032     2.521     0.000    -0.021    -0.095
     1000        108     1.072     2.594     0.000    -0.094    -0.127
     1000        108     1.113     2.667     0.000    -0.167    -0.095
     1000        108     1.154     2.740     0.000    -0.240     0.000
%   fiber f1:0109
     1000        109     1.690     0.876     0.000     0.000     0.016
     1000        109     1.674     0.794     0.000     0.000     0.032
     1000        109     1.658     0.712    -0.013    -0.012     0.033
     1000        109     1.641     0.631    -0.056    -0.039     0.000
%   fiber f1:0110
     1000        110     1.058    -0.291     0.000     0.000     0.000
     1000        110     0.991    -0.241     0.000     0.000     0.000
     1000        110     0.924    -0.191     0.000     0.000     0.000
     1000        110     0.858    -0.141     0.000     0.000     0.000
%   fiber f1:0111
     1000        111     1.210     0.722     0.000     0.000     0.000
     1000        111     1.280     0.767     0.000     0.000     0.000
     1000        111     1.349     0.813     0.000     0.000     0.000
     1000        111     1.419     0.859     0.000     0.000     0.000
%   fiber f1:0112
     1000        112    -0.444     2.463     0.000     0.000    -0.024
     1000        112    -0.375     2.510     0.000    -0.010    -0.043
     1000        112    -0.306     2.557     0.000    -0.057    -0.035
     1000        112    -0.238     2.604     0.000    -0.104     0.000
%   fiber f1:0113
     1000        113    -0.719     1.976     0.000     0.000     0.000
     1000        113    -0.678     1.904     0.000     0.000     0.000
     1000        113    -0.637     1.831     0.000     0.000     0.000
     1000        113    -0.596     1.759     0.000     0.000     0.000
%   fiber f1:0114
     1000        114    -1.231    -2.203     0.000     0.000     0.000
     1000        114    -1.314    -2.195     0.000     0.000     0.000
     1000        114    -1.397    -2.187     0.000     0.000     0.000
     1000        114    -1.480    -2.179     0.000     0.000     0.000
%   fiber f1:0115
     1000        115     1.558     0.676     0.001     0.012     0.029
     1000        115     1.634     0.643     0.282     0.145    -0.148
     1000        115     1.711     0.610    -0.027     0.050    -0.079
     1000        115     1.787     0.577    -0.059     0.002     0.000
%   fiber f1:0116
     1000        116     0.240    -0.849     0.000     0.000     0.022
     1000        116     0.226    -0.932     0.000     0.000     0.044
     1000        116     0.213    -1.014    -0.091    -0.063    -0.010
     1000        116     0.200    -1.096    -0.014    -0.010     0.000
%   fiber f1:0117
     1000        117     1.628     0.436     0.000     0.000     0.011
     1000        117     1.620     0.519     0.000     0.000     0.023
     1000        117     1.611     0.602    -0.009     0.004     0.029
     1000        117     1.602     0.685    -0.073     0.033     0.000
%   fiber f1:0118
     1000        118    -0.964    -0.358     0.000     0.000    -0.000
     1000        118    -0.967    -0.442     0.000     0.000    -0.000
     1000        118    -0.969    -0.525     0.000     0.000    -0.000
     1000        118    -0.972    -0.608     0.000     0.000     0.000
%   fiber f1:0119
     1000        119     0.229    -1.170     0.000     0.000     0.005
     1000        119     0.194    -1.094     0.045     0.031     0.002
     1000        119     0.159    -1.019     0.060     0.041    -0.005
     1000        119     0.123    -0.943     0.000     0.000     0.000
%   fiber f1:0120
     1000        120    -0.081     0.671     0.000     0.000     0.000
     1000        120    -0.136     0.734     0.000     0.000     0.000
     1000        120    -0.190     0.797     0.000     0.000     0.000
     1000        120    -0.245     0.860     0.000     0.000     0.000
%   fiber f1:0121
     1000        121     1.811     0.509     0.000     0.000     0.001
     1000        121     1.749     0.564     0.007     0.001     0.007
     1000        121     1.686     0.619    -0.004     0.058    -0.033
     1000        121     1.623     0.674     0.012    -0.034     0.000
%   fiber f1:0122
     1000        122     2.135     2.374     0.000     0.000     0.000
     1000        122     2.054     2.394     0.000     0.000     0.000
     1000        122     1.973     2.413     0.000     0.000     0.000
     1000        122     1.892     2.432     0.000     0.000     0.000
%   fiber f1:0123
     1000        123     1.481     0.745     0.000     0.000    -0.042
     1000        123     1.553     0.704     0.025    -0.005    -0.108
     1000        123     1.625     0.662    -0.107    -0.047    -0.080
     1000        123     1.697     0.620    -0.095     0.080     0.000
%   fiber f1:0124
     1000        124    -2.518    -2.063     0.018     0.000    -0.003
     1000        124    -2.501    -1.982     0.001     0.000    -0.002
     1000        124    -2.483    -1.900     0.000     0.000    -0.001
     1000        124    -2.466    -1.819     0.000     0.000     0.000
%   fiber f1:0125
     1000        125    -2.240    -2.498     0.000     0.000     0.000
     1000        125    -2.158    -2.482     0.000     0.000     0.000
     1000        125    -2.077    -2.466     0.000     0.000     0.000
     1000        125    -1.995    -2.450     0.000     0.000     0.000
%   fiber f1:0126
     1000        126     1.506     0.716     0.000     0.000    -0.049
     1000        126     1.581     0.680    -0.013     0.012    -0.082
     1000        126     1.656     0.643    -0.040     0.114    -0.046
     1000        126     1.731     0.607    -0.105     0.002     0.000
%   fiber f1:0127
     1000        127    -0.160    -2.528     0.000     0.028    -0.005
     1000        127    -0.241    -2.505     0.000     0.005    -0.005
     1000        127    -0.321    -2.483     0.000     0.000    -0.002
     1000        127    -0.401    -2.460     0.000     0.000     0.000
%   fiber f1:0128
     1000        128     1.861     0.523     0.000     0.000    -0.030
     1000        128     1.788     0.561    -0.017     0.015    -0.083
     1000        128     1.714     0.600     0.053    -0.051    -0.043
     1000        128     1.640     0.639     0.102     0.036     0.000
%   fiber f1:0129
     1000        129    -0.608     0.739     0.000     0.000     0.000
     1000        129    -0.635     0.818     0.000     0.000     0.000
     1000        129    -0.661     0.897     0.000     0.000     0.000
     1000        129    -0.687     0.976     0.000     0.000     0.000
%   fiber f1:0130
     1000        130    -2.233     2.067     0.001     0.001     0.044
     1000        130    -2.298     2.015     0.010     0.009     0.101
     1000        130    -2.363     1.962    -0.049    -0.142     0.016
     1000        130    -2.428     1.910    -0.024    -0.063     0.000
%   fiber f1:0131
     1000        131     1.805     0.648     0.000     0.000     0.028
     1000        131     1.728     0.679     0.000     0.000     0.055
     1000        131     1.651     0.709    -0.060     0.025     0.018
     1000        131     1.573     0.740    -0.042     0.018     0.000
%   fiber f1:0132
     1000        132     1.824     0.434     0.000     0.000     0.045
     1000        132     1.774     0.501    -0.006     0.014     0.076
     1000        132     1.725     0.569    -0.009     0.037     0.086
     1000        132     1.676     0.636    -0.096     0.092     0.000
%   fiber f1:0133
     1000        133     0.676    -0.635     0.000     0.000     0.000
     1000        133     0.738    -0.690     0.000     0.000     0.000
     1000        133     0.801    -0.745     0.000     0.000     0.000
     1000        133     0.863    -0.800     0.000     0.000     0.000
%   fiber f1:0134
     1000        134    -0.448    -1.035     0.000     0.000     0.000
     1000        134    -0.444    -0.951     0.000     0.000     0.000
     1000        134    -0.441    -0.868     0.000     0.000     0.000
     1000        134    -0.437    -0.785     0.000     0.000     0.000
%   fiber f1:0135
     1000        135     1.646     0.359     0.000     0.000     0.013
     1000        135     1.670     0.438     0.073    -0.070     0.072
     1000        135     1.694     0.518     0.027    -0.018     0.094
     1000        135     1.717     0.598    -0.087     0.136     0.000
%   fiber f1:0136
     1000        136     1.820     0.526    -0.008    -0.018    -0.025
     1000        136     1.753     0.575     0.001    -0.034    -0.032
     1000        136     1.686     0.624     0.051    -0.005    -0.017
     1000        136     1.618     0.674     0.017    -0.055     0.000
%   fiber f1:0137
     1000        137    -2.516    -0.499     0.016     0.000    -0.000
     1000        137    -2.516    -0.415     0.016     0.000    -0.000
     1000        137    -2.517    -0.332     0.017     0.000    -0.000
     1000        137    -2.517    -0.249     0.017     0.000     0.000
%   fiber f1:0138
     1000        138     1.712     0.866     0.000     0.000     0.032
     1000        138     1.661     0.800    -0.001    -0.008     0.056
     1000        138     1.610     0.734     0.014    -0.060     0.050
     1000        138     1.558     0.669    -0.062    -0.055     0.000
%   fiber f1:0139
     1000        139    -0.411    -0.447     0.000     0.000     0.032
     1000        139    -0.480    -0.494     0.000     0.000     0.064
     1000        139    -0.549    -0.540    -0.001    -0.001     0.094
     1000        139    -0.618    -0.587    -0.081    -0.105     0.000
%   fiber f1:0140
     1000        140     0.315    -2.463     0.000     0.000    -0.001
     1000        140     0.233    -2.480     0.000     0.000    -0.002
     1000        140     0.152    -2.498     0.000     0.000    -0.002
     1000        140     0.070    -2.515     0.000     0.015     0.000
%   fiber f1:0141
     1000        141     0.466     1.034     0.000     0.000     0.000
     1000        141     0.417     1.101     0.000     0.000     0.000
     1000        141     0.368     1.169     0.000     0.000     0.000
     1000        141     0.319     1.236     0.000     0.000     0.000
%   fiber f1:0142
     1000        142    -0.521    -0.659     0.000     0.000    -0.013
     1000        142    -0.601    -0.637     0.036     0.047    -0.003
     1000        142    -0.681    -0.614     0.046     0.059     0.013
     1000        142    -0.762    -0.592     0.000     0.000     0.000
%   fiber f1:0143
     1000        143    -2.208     1.852     0.000     0.000     0.000
     1000        143    -2.148     1.909     0.000     0.000     0.000
     1000        143    -2.087     1.966     0.000     0.000     0.000
     1000        143    -2.026     2.023     0.000     0.000     0.000
%   fiber f1:0144
     1000        144    -0.612    -0.180     0.000     0.000     0.000
     1000        144    -0.529    -0.175     0.000     0.000     0.000
     1000        144    -0.446    -0.170     0.000     0.000     0.000
     1000        144    -0.363    -0.165     0.000     0.000     0.000
%   fiber f1:0145
     1000        145     1.894     0.448     0.000     0.000    -0.008
     1000        145     1.829     0.499    -0.010     0.019    -0.036
     1000        145     1.763     0.551     0.019     0.045    -0.056
     1000        145     1.698     0.602     0.083     0.002     0.000
%   fiber f1:0146
     1000        146     1.431     0.616     0.000     0.000     0.063
     1000        146     1.514     0.619     0.000     0.000     0.126
     1000        146     1.597     0.621     0.060     0.039     0.127
     1000        146     1.681     0.624     0.188     0.078     0.000
%   fiber f1:0147
     1000        147    -1.338     2.304     0.000     0.000     0.006
     1000        147    -1.280     2.364     0.000     0.000     0.012
     1000        147    -1.222     2.424     0.007     0.011     0.004
     1000        147    -1.164     2.484    -0.034     0.047     0.000
%   fiber f1:0148
     1000        148     0.513    -1.465     0.000     0.000     0.000
     1000        148     0.452    -1.409     0.000     0.000     0.000
     1000        148     0.391    -1.352     0.000     0.000     0.000
     1000        148     0.330    -1.295     0.000     0.000     0.000
%   fiber f1:0149
     1000        149    -2.536     1.188     0.036     0.000    -0.008
     1000        149    -2.557     1.107     0.057     0.000    -0.011
     1000        149    -2.578     1.027     0.078     0.000    -0.008
     1000        149    -2.600     0.946     0.100     0.000     0.000
%   fiber f1:0150
     1000        150    -1.417     1.471     0.000     0.000    -0.000
     1000        150    -1.496     1.444     0.000     0.000    -0.000
     1000        150    -1.574     1.418     0.000     0.000    -0.000
     1000        150    -1.653     1.391     0.000     0.000     0.000
%   fiber f1:0151
     1000        151     1.523     0.737     0.000     0.000     0.005
     1000        151     1.591     0.689     0.082    -0.064    -0.094
     1000        151     1.659     0.641     0.019     0.010    -0.098
     1000        151     1.727     0.593    -0.064     0.071     0.000
%   fiber f1:0152
     1000        152    -1.043     0.659     0.000     0.000     0.000
     1000        152    -1.120     0.690     0.000     0.000     0.000
     1000        152    -1.197     0.722     0.000     0.000     0.000
     1000        152    -1.274     0.753     0.000     0.000     0.000
%   fiber f1:0153
     1000        153    -1.092     0.497     0.000     0.000     0.016
     1000        153    -1.064     0.419     0.000     0.000     0.032
     1000        153    -1.035     0.340     0.006    -0.017     0.030
     1000        153    -1.007     0.262     0.016    -0.043     0.000
%   fiber f1:0154
     1000        154    -0.820     0.885     0.000     0.000    -0.000
     1000        154    -0.820     0.802     0.000     0.000    -0.000
     1000        154    -0.820     0.719     0.000     0.000    -0.000
     1000        154    -0.820     0.635     0.000     0.000     0.000
%   fiber f1:0155
     1000        155     1.508     0.855     0.000     0.000     0.065
     1000        155     1.557     0.787     0.000     0.000     0.130
     1000        155     1.606     0.719     0.001    -0.084     0.126
     1000        155     1.654     0.652     0.094    -0.167     0.000
%   fiber f1:0156
     1000        156     1.306     0.589     0.000     0.000     0.017
     1000        156     1.380     0.627     0.000     0.000     0.034
     1000        156     1.455     0.665     0.040     0.003     0.014
     1000        156     1.529     0.703     0.036    -0.002     0.000
%   fiber f1:0157
     1000        157     1.835     0.538     0.000     0.000    -0.013
     1000        157     1.763     0.580     0.001     0.000    -0.025
     1000        157     1.691     0.622     0.045     0.049    -0.024
     1000        157     1.619     0.664     0.040    -0.005     0.000
%   fiber f1:0158
     1000        158     1.565     0.396     0.000     0.000     0.058
     1000        158     1.623     0.455     0.000     0.000     0.116
     1000        158     1.682     0.514     0.059     0.098     0.062
     1000        158     1.741     0.573     0.041     0.129     0.000
%   fiber f1:0159
     1000        159     1.599     0.913     0.000     0.000     0.014
     1000        159     1.603     0.830     0.001    -0.011     0.017
     1000        159     1.607     0.747     0.016    -0.063    -0.033
     1000        159     1.612     0.663    -0.013     0.018     0.000
%   fiber f1:0160
     1000        160     1.842     0.530     0.000     0.000    -0.056
     1000        160     1.772     0.574    -0.001     0.014    -0.122
     1000        160     1.701     0.619     0.133    -0.064    -0.032
     1000        160     1.631     0.663     0.013    -0.145     0.000
%   fiber f1:0161
     1000        161    -0.487     2.400     0.000     0.000    -0.000
     1000        161    -0.563     2.366     0.000     0.000    -0.000
     1000        161    -0.640     2.333     0.000     0.000    -0.000
     1000        161    -0.716     2.300     0.000     0.000     0.000
%   fiber f1:0162
     1000        162     1.671    -0.332     0.000     0.000     0.000
     1000        162     1.748    -0.300     0.000     0.000     0.000
     1000        162     1.825    -0.268     0.000     0.000     0.000
     1000        162     1.902    -0.235     0.000     0.000     0.000
%   fiber f1:0163
     1000        163     1.471     0.477     0.000     0.000     0.037
     1000        163     1.536     0.530     0.000     0.000     0.074
     1000        163     1.601     0.582     0.025    -0.006     0.095
     1000        163     1.665     0.635     0.164     0.008     0.000
%   fiber f1:0164
     1000        164     1.783    -0.255     0.000     0.000     0.012
     1000        164     1.799    -0.174    -0.028     0.016     0.013
     1000        164     1.815    -0.092    -0.015     0.022     0.005
     1000        164     1.831    -0.010    -0.013     0.020     0.000
%   fiber f1:0165
     1000        165    -2.519     0.035     0.019     0.000    -0.002
     1000        165    -2.529     0.118     0.029     0.000    -0.003
     1000        165    -2.540     0.200     0.040     0.000    -0.002
     1000        165    -2.551     0.283     0.051     0.000     0.000
%   fiber f1:0166
     1000        166    -0.452    -1.158     0.000     0.000    -0.014
     1000        166    -0.433    -1.240    -0.020     0.010    -0.013
     1000        166    -0.415    -1.321    -0.057     0.029     0.014
     1000        166    -0.396    -1.402     0.000     0.000     0.000
%   fiber f1:0167
     1000        167     2.493     0.607     0.000     0.000    -0.000
     1000        167     2.463     0.529     0.000     0.000    -0.000
     1000        167     2.434     0.451     0.000     0.000    -0.000
     1000        167     2.404     0.373     0.000     0.000     0.000
%   fiber f1:0168
     1000        168     1.621     0.445     0.000     0.000     0.019
     1000        168     1.595     0.524     0.000     0.000     0.037
     1000        168     1.570     0.604    -0.012     0.088    -0.031
     1000        168     1.544     0.683     0.034    -0.003     0.000
%   fiber f1:0169
     1000        169     2.335    -0.485     0.000     0.000     0.000
     1000        169     2.373    -0.559     0.000     0.000     0.000
     1000        169     2.411    -0.634     0.000     0.000     0.000
     1000        169     2.449    -0.708     0.000     0.000     0.000
%   fiber f1:0170
     1000        170     1.675     0.414     0.000     0.000    -0.008
     1000        170     1.688     0.497     0.000     0.000    -0.017
     1000        170     1.701     0.579    -0.108     0.007    -0.014
     1000        170     1.715     0.661    -0.170     0.005     0.000
%   fiber f1:0171
     1000        171     0.154    -2.081     0.000     0.000    -0.000
     1000        171     0.075    -2.108     0.000     0.000    -0.000
     1000        171    -0.004    -2.135     0.000     0.000    -0.000
     1000        171    -0.082    -2.162     0.000     0.000     0.000
%   fiber f1:0172
     1000        172    -0.159     0.172     0.000     0.000     0.000
     1000        172    -0.135     0.251     0.000     0.000     0.000
     1000        172    -0.110     0.331     0.000     0.000     0.000
     1000        172    -0.084     0.410     0.000     0.000     0.000
%   fiber f1:0173
     1000        173     0.821     1.066     0.000     0.000     0.000
     1000        173     0.866     0.996     0.000     0.000     0.000
     1000        173     0.911     0.925     0.000     0.000     0.000
     1000        173     0.956     0.855     0.000     0.000     0.000
%   fiber f1:0174
     1000        174     1.648     0.373     0.000     0.000    -0.001
     1000        174     1.669     0.454     0.011     0.088    -0.090
     1000        174     1.689     0.535    -0.049    -0.005    -0.074
     1000        174     1.710     0.615    -0.008    -0.075     0.000
%   fiber f1:0175
     1000        175    -0.818     0.022     0.000     0.000     0.000
     1000        175    -0.735     0.012     0.000     0.000     0.000
     1000        175    -0.653     0.001     0.000     0.000     0.000
     1000        175    -0.570    -0.009     0.000     0.000     0.000
%   fiber f1:0176
     1000        176     1.392     0.626     0.000     0.000     0.008
     1000        176     1.473     0.644    -0.034     0.034     0.042
     1000        176     1.554     0.662     0.026     0.102     0.003
     1000        176     1.636     0.680     0.007     0.017     0.000
%   fiber f1:0177
     1000        177     1.859     0.482     0.000     0.000     0.067
     1000        177     1.796     0.536     0.001     0.001     0.134
     1000        177     1.733     0.590    -0.061     0.073     0.107
     1000        177     1.669     0.644    -0.172     0.066     0.000
%   fiber f1:0178
     1000        178    -0.439     0.183     0.000     0.000    -0.018
     1000        178    -0.449     0.266     0.056    -0.016    -0.013
     1000        178    -0.459     0.349     0.125    -0.035     0.018
     1000        178    -0.469     0.432     0.000     0.000     0.000
%   fiber f1:0179
     1000        179     1.790     0.557    -0.037    -0.003    -0.060
     1000        179     1.721     0.605    -0.037    -0.033    -0.102
     1000        179     1.653     0.653     0.001    -0.209    -0.013
     1000        179     1.585     0.701     0.058     0.005     0.000
%   fiber f1:0180
     1000        180    -1.628     0.260     0.000     0.000     0.000
     1000        180    -1.643     0.342     0.000     0.000     0.000
     1000        180    -1.657     0.425     0.000     0.000     0.000
     1000        180    -1.671     0.507     0.000     0.000     0.000
%   fiber f1:0181
     1000        181    -0.438     0.224     0.000     0.000    -0.011
     1000        181    -0.396     0.296    -0.159     0.045     0.018
     1000        181    -0.354     0.368    -0.022     0.006     0.012
     1000        181    -0.312     0.440     0.000     0.000     0.000
%   fiber f1:0182
     1000        182     1.850     0.436     0.000     0.000     0.015
     1000        182     1.797     0.500     0.004    -0.019     0.047
     1000        182     1.744     0.564    -0.012     0.001     0.053
     1000        182     1.691     0.628    -0.081     0.022     0.000
%   fiber f1:0183
     1000        183     1.387     0.786     0.000     0.000     0.026
     1000        183     1.463     0.751     0.000     0.000     0.051
     1000        183     1.538     0.716     0.071    -0.021     0.004
     1000        183     1.614     0.681     0.005    -0.058     0.000
%   fiber f1:0184
     1000        184    -2.001    -2.049     0.000     0.000    -0.000
     1000        184    -2.017    -2.131     0.000     0.000    -0.000
     1000        184    -2.032    -2.213     0.000     0.000    -0.000
     1000        184    -2.047    -2.295     0.000     0.000     0.000
%   fiber f1:0185
     1000        185     1.962     0.619     0.000     0.000     0.017
     1000        185     1.879     0.607     0.000     0.000     0.035
     1000        185     1.797     0.594    -0.004     0.003     0.048
     1000        185     1.715     0.581    -0.079     0.083     0.000
%   fiber f1:0186
     1000        186     1.487     0.736     0.000     0.000     0.010
     1000        186     1.560     0.697     0.006    -0.013     0.009
     1000        186     1.634     0.658     0.002    -0.062    -0.011
     1000        186     1.708     0.619    -0.033    -0.061     0.000
%   fiber f1:0187
     1000        187     0.876    -0.263     0.000     0.000     0.000
     1000        187     0.878    -0.346     0.000     0.000     0.000
     1000        187     0.880    -0.429     0.000     0.000     0.000
     1000        187     0.882    -0.513     0.000     0.000     0.000
%   fiber f1:0188
     1000        188     2.101    -2.505     0.000     0.005    -0.000
     1000        188     2.018    -2.498     0.000     0.000    -0.000
     1000        188     1.935    -2.492     0.000     0.000    -0.000
     1000        188     1.852    -2.486     0.000     0.000     0.000
%   fiber f1:0189
     1000        189     1.717     0.399     0.000     0.000    -0.006
     1000        189     1.715     0.483     0.000     0.000    -0.012
     1000        189     1.713     0.566    -0.012     0.061    -0.080
     1000        189     1.711     0.649    -0.055    -0.088     0.000
%   fiber f1:0190
     1000        190    -1.743     2.027     0.000     0.000    -0.024
     1000        190    -1.813     1.981     0.008     0.004    -0.038
     1000        190    -1.882     1.934     0.075     0.042     0.024
     1000        190    -1.951     1.888     0.000     0.000     0.000
%   fiber f1:0191
     1000        191     1.856     0.491    -0.001    -0.002    -0.023
     1000        191     1.792     0.544    -0.005    -0.033    -0.030
     1000        191     1.728     0.597    -0.008     0.064    -0.100
     1000        191     1.663     0.650     0.070    -0.110     0.000
%   fiber f1:0192
     1000        192     1.750     0.368     0.000     0.000    -0.023
     1000        192     1.739     0.450     0.011     0.019    -0.064
     1000        192     1.727     0.533     0.015    -0.025    -0.060
     1000        192     1.715     0.615    -0.038    -0.090     0.000
%   fiber f1:0193
     1000        193     2.556    -0.163    -0.056     0.000    -0.042
     1000        193     2.474    -0.174     0.000     0.000    -0.028
     1000        193     2.391    -0.185     0.000     0.000    -0.014
     1000        193     2.308    -0.195     0.000     0.000     0.000
%   fiber f1:0194
     1000        194     1.381     0.696     0.000     0.000    -0.016
     1000        194     1.464     0.690     0.041    -0.001    -0.072
     1000        194     1.547     0.683     0.031     0.007    -0.118
     1000        194     1.630     0.677    -0.132     0.030     0.000
%   fiber f1:0195
     1000        195    -2.260    -1.112     0.000     0.000     0.000
     1000        195    -2.289    -1.033     0.000     0.000     0.000
     1000        195    -2.319    -0.956     0.000     0.000     0.000
     1000        195    -2.349    -0.878     0.000     0.000     0.000
%   fiber f1:0196
     1000        196    -1.355    -1.900     0.000     0.000     0.000
     1000        196    -1.345    -1.983     0.000     0.000     0.000
     1000        196    -1.335    -2.065     0.000     0.000     0.000
     1000        196    -1.325    -2.148     0.000     0.000     0.000
%   fiber f1:0197
     1000        197     1.440     0.682     0.026    -0.025    -0.018
     1000        197     1.522     0.667     0.035    -0.034    -0.046
     1000        197     1.604     0.653    -0.009     0.007    -0.024
     1000        197     1.686     0.638    -0.014    -0.009     0.000
%   fiber f1:0198
     1000        198     1.666     0.873     0.000     0.000     0.027
     1000        198     1.655     0.791    -0.033     0.008     0.057
     1000        198     1.644     0.708    -0.149    -0.053     0.013
     1000        198     1.634     0.625     0.070    -0.048     0.000
%   fiber f1:0199
     1000        199     0.594     0.220     0.000     0.000     0.000
     1000        199     0.630     0.295     0.000     0.000     0.000
     1000        199     0.667     0.370     0.000     0.000     0.000
     1000        199     0.703     0.445     0.000     0.000     0.000
%   fiber f1:0200
     1000        200    -1.150     2.477     0.030    -0.017     0.007
     1000        200    -1.230     2.501     0.047    -0.028     0.033
     1000        200    -1.310     2.524     0.000    -0.024     0.013
     1000        200    -1.390     2.548     0.000    -0.048     0.000
% end
