0.43389399627097874
0.4180155499499988
0.08544003745317547
0.3520979977222252
0.21914607000811157
0.49992999509931385
0.36201933650013773
0.43047067263635963
0.15788920165736486
0.4271826307330391
0.1698057713977945
0.1115033631779778
0.09220086767487626
0.20500000000000007
0.20402205763103165
0.27392882287192777
0.00984885780179599
0.08139410298049848
0.024413111231467555
0.11395174417269806
0.04356604182158399
0.1115033631779778
0.26780029873022915
0.13080137613954979
0.13182564242210248
0.18315294155431963
0.10207840124139882
0.01655294535724694
0.086925255248403
0.21270166901084725
0.05269724850502164
0.08146778504415096
0.09000000000000005
0.04940647730814254
0.23418155350069725
0.14800337833982047
0.061294371682888045
0.04280186911806557
0.025059928172283526
0.15604166110369366
0.20944211610848473
0.3004130489842277
0.041868842830916644
0.40626223058512345
0.031890437438203974
0.43333589742831147
0.26938633966851405
0.07392563831310492
0.009848857801796063
0.11020889256316839
0.2829699630702877
0.11650321883965259
0.21023082552280473
0.13314653581674593
0.12231925441237776
0.03780211634287166
0.07683749084919425
0.11840608092492541
0.16000000000000011
0.2398040867041259
0.2354166519174036
0.31087618113969434
0.13176494222667862
0.2882099928871309
0.03590264614203263
0.21849713956937739
0.09831073186585486
0.23728674636397212
0.05883026432033074
0.01615549442140365
0.05903388857258164
0.05103920062069924
0.04254409477236541
0.11603878661895745
0.20520477577288498
0.1908507270093566
0.17310401497365674
0.031048349392520023
0.03080584360149863
0.16161683080669534
0.09044335243676001
0.22784643951574052
0.010000000000000009
0.05872818744010415
0.07762087348130003
0.03522782990761701
0.03448187929913317
0.10423531071570692
0.16024044433288395
0.0912852671574117
0.19320973060381852
0.28348015803579646
0.19416487838947605
0.05872818744010415
0.09800510190801275
0.03905124837953348
0.03820994634908563
0.08798295289429639
0.06801470429252789
0.15367498169838842
0.2549392084399732
0.38233493170255856
0.22240728405337826
0.2502338905903835
0.07981227975693975
0.21920082116634526
0.06741661516273252
0.02193171219946133
0.10971326264403947
0.12700393694685214
0.14508618128546905
0.30934285186504623
0.039698866482558284
0.4367264590106717
0.1280039061903973
0.2791791539495739
0.13800362314084377
0.11036756769993607
0.09982484660644371
0.16123585209251712
0.05966573556070534
0.11542096863222027
0.2860856515101728
0.0404598566482876
0.03860051813123767
0.04808326112068535
0.13368993978605875
0.24662927644543764
0.2882117277280715
0.009899494936611674
0.0699999999999997
0.06573431371817896
0.14148498153514383
0.040000000000000216
0.11884864324004706
0.2030295544988466
0.38740805360756253
0.0742495791233864
0.3520695953927294
0.11139569111954045
0.18542114226808146
0.22882526084329066
0.22080081521588638
0.12888754788574422
0.053823786563191964
0.03551056180912925
0.02121320343559621
0.34283086208799823
0.14648549416239157
0.13901438774457867
0.3297059295796787
0.2602037663063316
0.05830951894845286
0.15980613254815987
0.48241164994224583
0.13473306943731364
0.019697715603592025
0.09372299611087986
0.09261749294814661
0.16293557008830198
0.10183319694480793
0.033015148038438455
0.13462912017836287
0.22489108474992975
0.1358712625980932
0.0
0.15648642113614833
0.01984943324127907
0.020518284528683213
0.09563472172804183
0.009433981132056611
0.0952102935611481
0.19746645284705971
0.32374835906920063
0.16419500601419046
0.19155155963865184
0.02193171219946133
0.16089748288895026
0.12509996003196786
0.036796738985948235
0.05099019513592773
0.06879680225126734
0.0866083136886984
0.25217850820401005
0.09841239759298614
0.38369388840584884
0.06997142273814366
0.3145313974788526
0.07992496481075238
0.16065490966665164
0.04161730409336966
0.10324727599312256
0.003605551275464085
0.1736577093019483
0.22798245546532742
0.09915644204992416
0.021931712199461283
0.010816653826391884
0.07648529270389175
0.18821530224718727
0.22982819670353766
0.04883646178829917
0.1285496013218242
0.12401612798341982
0.20021238722916224
0.020615528128088013
0.17670880000724357
0.1454991408909347
0.32869438693108227
0.025298221281347056
0.31075713990188564
0.05280151512977657
0.1273184982632141
0.17042300314218142
0.16254230218623084
0.07017834423809098
0.009055385138137351
0.09386160024205845
0.0799312204335701
0.28460498941515416
0.09024965373894803
0.08070935509592446
0.2709778588741154
0.20194306128213463
0.11640017182117898
0.10151354589413185
0.23663685258217895
0.10121264743103985
0.39427148007432644
0.20541178155110773
0.2421321952983537
0.16443843832875565
0.41064096239902786
0.4620497808678194
0.3789775718957522
0.42407546498235443
0.37696153649941494
0.49900100200300207
0.3298620923962013
0.48106652346634965
0.32186487848163864
0.4402022262551611
0.11280070921762846
0.11183022847155391
0.18181309083781594
0.08261961026293974
0.019026297590440482
0.11562439189029317
0.20588346218188613
0.11871394189394954
0.019697715603592025
0.17560182231400648
0.038600518131237264
0.03966106403010376
0.1103539759138743
0.010440306508910346
0.07605918747922583
0.17786792853125635
0.3047310289419181
0.14484474446799953
0.1727425830535136
0.0022360679774999902
0.14160508465447164
0.14294754282603078
0.05580322571321472
0.03280243893371348
0.04940647730814254
0.06747592163134943
0.23603813251252437
0.11729023829799284
0.3703417340781349
0.05047771785649608
0.33179813139919856
0.0604648658313241
0.4988316349230471
0.18024982662959743
0.02668332812825274
0.08376156636548795
0.018027756377319685
0.19168985366993194
0.20858571379651114
0.11806777714516321
0.04162931659299708
0.03041381265149083
0.056797887284651856
0.1690118339052035
0.2106015194627049
0.0678011799307356
0.14761097520171015
0.14322011031974496
0.21890865674979587
0.04031128874149228
0.1960867155112756
0.1258967831201421
0.3099741924741479
0.017088007490635156
0.29387412271242974
0.033941125496954626
0.10789810007595166
0.1512084653714865
0.14322011031974535
0.05166236541235808
0.024041630560342166
0.11300442469213294
0.098716766559688
0.2652772134956188
0.07057619995437582
0.06140032573203532
0.25244603383693726
0.1826280372779603
0.13566502865513994
0.08220097323024853
0.40303349736715455
0.4167889153996304
0.003162277660168347
0.06931089380465373
0.19541238445912296
0.12589678312014183
0.22832652057962982
0.31859692402783824
0.22848413511664217
0.09372299611087986
0.0628012738724302
0.07420242583635675
0.07324616030891992
0.09650906693155827
0.10307764064044153
0.18883061192507958
0.2901465147128259
0.4174553868379232
0.25761987500967404
0.2852718002186686
0.11500000000000003
0.2544012578585257
0.03765634076752543
0.05700877125495686
0.14469277798148727
0.16220049321749908
0.18023595645708426
0.3426047285137786
0.006082762530298207
0.4669528884159514
0.1632176461048254
0.2576082296822055
0.17321662737739704
0.0817435012707432
0.1343577314485475
0.19645864704817664
0.09481033698917023
0.08249242389456134
0.3213098193333033
0.006324555320336694
0.07283543093852064
0.08297590011563608
0.16890825912311097
0.28181021982887716
0.3234022263374203
0.04499999999999997
0.03482814953453577
0.030528675044947336
0.10679419459877022
0.0742495791233865
0.0837257427557379
0.23824777018893611
0.4223837118071671
0.10917875251164949
0.3819554947896419
0.14649232061784012
0.2206399782451043
0.26400757564888166
0.2560078123807943
0.1638932579455299
0.0890505474435731
0.0014142135623730178
0.014866068747318727
0.37804761604856074
0.18161773041198384
0.17420103329199876
0.36458880948268285
0.2954132698441287
0.023259406699225937
0.1950000000000001
0.0954148835350126
0.07072481884034768
0.19440164608356597
0.12457929201917953
0.22724656213021152
0.3175059054568908
0.227008810401711
0.09261749294814661
0.06389053137985312
0.07323933369440228
0.07220110802473867
0.09338094023942999
0.10200490184299962
0.18780042598460733
0.2893803725203215
0.41636162167039364
0.25667489164310564
0.2841161734220703
0.11403946685248922
0.25342849090029324
0.04044749683231337
0.05603570290448747
0.1435339681051142
0.16123585209251676
0.1792010044614704
0.34082840257232067
0.009000000000000008
0.4646859154310575
0.16228986413205232
0.2556247249387273
0.1722846481843347
0.0803990049689672
0.13300375934536585
0.1955556186868585
0.09381364506296513
0.08459905436823749
0.3204028713978699
0.009055385138137412
0.071505244562899
0.08183520025025906
0.16811900546934
0.28080064102490937
0.3224050247747388
0.04410215414239978
0.03606937759374274
0.0314006369362151
0.10830050784737816
0.07291776189653673
0.08438009243891602
0.23745315327449343
0.42117217381968614
0.10867382389517721
0.38275318418009285
0.14541664278891892
0.2197180010832068
0.26300190113381294
0.2550490148971368
0.162742127305747
0.08820430828480005
0.0020000000000000018
0.01513274595042168
0.37710741175426393
0.18096684779262748
0.1732166273773971
0.363324923450071
0.29445712760943643
0.02385372088375315
0.19402319448973102
0.2644125564340696
0.19520758181996928
0.297430664189152
0.38769575700541276
0.29773310195542574
0.16293557008830198
0.010000000000000009
0.14328293687665677
0.14242541907960096
0.14675830470538967
0.1722469157924169
0.25787012234844103
0.35841456443621267
0.48654393429576326
0.326441418940673
0.354468616382325
0.18399184764548665
0.3232893440866865
0.04438468204234444
0.1261507035255847
0.21392522057952845
0.2311384866265242
0.24928898892650656
0.4112055447096985
0.06453681120105019
0.2320775732379154
0.2362244695199886
0.24207436873820404
0.06664833081180664
0.2036663938896154
0.2652244332636041
0.1638932579455299
0.024351591323771862
0.38999999999999985
0.06378087487640795
0.1421442928857856
0.1522268044727997
0.2374068238277913
0.35076630396889613
0.3923174734828923
0.11410959644131588
0.03471310991541967
0.040000000000000036
0.46076132650212726
0.037643060449437514
0.14355835050598775
0.024041630560342742
0.3066626811335218
0.4916299421312741
0.17696327302578907
0.4374768565307198
0.215629311551097
0.2894304752440559
0.33296246034650795
0.3248630480679511
0.23311156127485386
0.15789236840328943
0.06929646455628163
0.083096329642169
0.44680644579056816
0.46502150487907556
0.24963373169505756
0.2431666095499134
0.43387671059875976
0.36424305072300267
0.047801673610868456
0.26393370379699516
0.07155417527999335
0.03324154027718939
0.12332882874656678
0.047042533945356284
0.10183319694480793
0.258213090295593
0.12121056059601411
0.12220065466273106
0.17366634676873943
0.09241753080449634
0.0067082039324995735
0.09677293009927927
0.22214634815814543
0.0624339651151518
0.09052071586106666
0.08043009387039173
0.05907622195096764
0.22489997776789572
0.1384052022143679
0.05147815070493534
0.033301651610693705
0.015264337522474046
0.16254230218623075
0.1999024762227823
0.30563540370840536
0.03252691193458129
0.39698866482558426
0.022671568097509403
0.43811528163258584
0.25953805116013356
0.06407807737440334
0.007071067811865403
0.10060318086422526
0.273695085816315
0.12624579200908023
0.20068383093812017
0.12342204017111383
0.11264546151532259
0.02952964612046693
0.08640023148117135
0.12800390619039698
0.15041608956491345
0.23022814771439218
0.22580079716422619
0.30142494919963103
0.1220368796716795
0.2785390457368591
0.04560701700396556
0.22770595073471386
0.08927485648266273
0.2440081965836394
0.049091750834534265
0.026000000000000023
0.06860029154456974
0.0607453701939495
0.032695565448543865
0.10652699188468606
0.1956016359849785
0.1813201588351389
0.1827840255602221
0.026019223662515394
0.021260291625469316
0.17059015211904802
0.10012492197250371
0.21821319850091575
0.0022360679774997916
0.23249946236496977
0.2770415131347646
0.3472232711095268
0.4776107201476953
0.33277019097268906
0.36158124951385406
0.25238462710712
0.4361651063530873
0.3679918477357891
0.20506096654409892
0.4359013649898335
0.10346496991735914
0.19343732835210484
0.1029417310909428
0.033015148038438455
0.1884303584882224
0.0528015151297763
0.05326349594234321
0.10829589096544717
0.024596747752497757
0.06484597134749376
0.16825278600962307
0.29220027378495045
0.133843191832831
0.1598061325481596
0.018027756377319955
0.13036103712382777
0.1580506248010427
0.06942621983083924
0.020248456731316294
0.04026164427839451
0.056364882684167554
0.21920766409959283
0.13081666560496033
0.3519616456377029
0.04197618372363064
0.3320240955111542
0.05124451190127575
0.4800760356443551
0.18804254837669065
0.00860232526704257
0.07409453421137079
0.03312099032335842
0.20652602741543258
0.1975904856009012
0.1315218613006978
0.05307541803886245
0.04327817001676484
0.05035871324805651
0.15730543537970965
0.19887936041731416
0.08139410298049868
0.16063934760823692
0.15587815754620657
0.2326392056382588
0.051662365412357844
0.2080384579831336
0.11661903789690611
0.2966647940015801
0.03535533905932739
0.296141857899217
0.02353720459187977
0.09750897394599133
0.13960659010232987
0.13209844813622887
0.03894868418830073
0.04024922359499605
0.12593649193144935
0.11248555462813875
0.25387004549572195
0.0652763356814703
0.05126402247190523
0.23875719884434887
0.17132717239247236
0.14816544806398022
0.0715891053163817
0.41911931475416403
0.13423859355639878
0.4284880395063553
0.43411749561610613
0.20408331631958546
0.4889795496746261
0.09027181176867995
0.031144823004795128
0.13462912017836287
0.29110994486619673
0.1541590088188168
0.15508062419270852
0.20082081565415502
0.12525174649480966
0.03962322551231814
0.06746851117373184
0.18912958520548798
0.03132091952673147
0.057280013966478485
0.1134548368294629
0.027513632984395024
0.25811818998280617
0.17132717239247283
0.08381527307120146
0.06648308055437899
0.04816637831516952
0.13319534526401428
0.23289911979223984
0.2790340481016609
0.0657647321898297
0.4222144005123466
0.05590169943749495
0.4124851512478965
0.2906974372092058
0.09552486587271425
0.034132096331752126
0.13354400023962157
0.3069136686431546
0.09436630754670833
0.23366856870362357
0.15601281998605138
0.14541664278891894
0.062201286160336156
0.0538516480713449
0.09541488353501222
0.18335757415498305
0.26315394733881536
0.25864454372748724
0.3345205524328815
0.15461565250646522
0.3112185727105633
0.024186773244895547
0.19448650338776702
0.12249489785293122
0.23380547470065782
0.0818352002502591
0.014035668847618149
0.03623534186398652
0.02941088233970509
0.06463745044476954
0.13960300856356922
0.22848413511664237
0.21433618453261696
0.15041608956491298
0.054626001134990734
0.054451813560248016
0.137360838669542
0.06799999999999967
0.25101792764661274
0.034058772731852975
0.09254188241007419
0.22924441105510074
0.1508641773251688
0.420676835587604
0.3937067436557318
0.021023796041628604
0.28452416417590964
0.3763110415600373
0.09714422267947816
0.22489108474992975
0.3813764544383935
0.24442994906516677
0.24535076930794428
0.2850438562747846
0.2155203006679419
0.12983451005029456
0.043185645763378404
0.09885848471426206
0.06248199740725329
0.03400000000000023
0.2037081245311538
0.06511528238439888
0.34812928632908774
0.2615989296614191
0.17401149387324996
0.15663013758533217
0.13840881474819466
0.08372574275573806
0.32316713941859876
0.22573657213663895
0.15579473675320366
0.14583552379307327
0.358503835404867
0.3794232465202944
0.18531055015837616
0.12304470732217626
0.2238146554629523
0.3969143484430867
0.01979898987322319
0.32393826572357887
0.24620519897028995
0.23567138137669588
0.15132085117392133
0.03764306044943746
0.01118033988749876
0.2736293112954095
0.35342467372836317
0.3489011321277133
0.4247505150085167
0.24480400323524118
0.40140004982560745
0.08462860036654271
0.10480458005259106
0.21215088969881804
0.21821548982599753
0.17210461934532723
0.09900505037623078
0.05517245689653509
0.0637808748764081
0.15480633061990734
0.22983907413666618
0.4323424568556735
0.3187506862737711
0.3045997373603595
0.062032249677083116
0.14111342955225778
0.14458907289280196
0.05008991914547267
0.026925824035672626
0.3412638275586794
0.1239072233568327
0.4367298936413676
0.16451443705644794
0.4455434883375582
0.1358712625980932
0.2906286290096004
0.15570806016388478
0.1562049935181331
0.18792817777012574
0.12700393694685216
0.05063595560468864
0.0874642784226797
0.19349418595916532
0.052886671288709566
0.06360031446463134
0.11676472069936192
0.049040799340957064
0.2609693468589748
0.17235138525698018
0.08598255637046398
0.07409453421137087
0.05700877125495693
0.11810588469674142
0.23355513267749003
0.258940147524481
0.0743303437365925
0.4050049382414984
0.06621933252457325
0.39115470085376713
0.28402288640178275
0.0943663075467086
0.052086466572421664
0.13560235986147137
0.3094672842159571
0.10688779163215974
0.2342327901895888
0.15572411502397432
0.14621901381147387
0.07473285756613353
0.06718630812896347
0.1050809211988551
0.18428781837115557
0.2630589287593179
0.25809494377069836
0.3352760057027643
0.15431137352768245
0.3094333530826953
0.05467174773134677
0.1961249601657066
0.1292942380773405
0.2636228366435657
0.0855862138431183
0.04304648650006187
0.05333854141237829
0.050960769224963565
0.068
0.1424113759500972
0.22844911906155377
0.21533694527414457
0.1591760032165653
0.07300684899377594
0.06360031446463132
0.13787675656179327
0.08149846624323671
0.2503197954617252
0.04901020301937142
0.15648642113614833
0.01984943324127907
0.020518284528683213
0.09563472172804183
0.009433981132056611
0.0952102935611481
0.19746645284705971
0.32374835906920063
0.16419500601419046
0.19155155963865184
0.02193171219946133
0.16089748288895026
0.12509996003196786
0.036796738985948235
0.05099019513592773
0.06879680225126734
0.0866083136886984
0.25217850820401005
0.09841239759298614
0.38369388840584884
0.06997142273814366
0.3145313974788526
0.07992496481075238
0.16065490966665164
0.04161730409336966
0.10324727599312256
0.003605551275464085
0.1736577093019483
0.22798245546532742
0.09915644204992416
0.021931712199461283
0.010816653826391884
0.07648529270389175
0.18821530224718727
0.22982819670353766
0.04883646178829917
0.1285496013218242
0.12401612798341982
0.20021238722916224
0.020615528128088013
0.17670880000724357
0.1454991408909347
0.32869438693108227
0.025298221281347056
0.31075713990188564
0.05280151512977657
0.1273184982632141
0.17042300314218142
0.16254230218623084
0.07017834423809098
0.009055385138137351
0.09386160024205845
0.0799312204335701
0.28460498941515416
0.09024965373894803
0.08070935509592446
0.2709778588741154
0.20194306128213463
0.11640017182117898
0.10151354589413185
0.13700364958642527
0.13603308421115784
0.13703284277865654
0.16585837331892522
0.251628694707102
0.35279030598926614
0.4802343178074637
0.3204122344730301
0.3480057470789813
0.17780044994318764
0.31720025220670933
0.04301162633521328
0.11980818002123211
0.20742227459942655
0.22499999999999978
0.24303291958086645
0.40344764220404095
0.058523499553598084
0.22600884938426632
0.23048210342670863
0.23600847442411887
0.05798275605729701
0.19682479518597237
0.25923734298900686
0.15761027885261797
0.033955853692699316
0.3840833242930496
0.05768882040742388
0.13536986370680879
0.14571547618561315
0.2316074264785133
0.34461137532008435
0.3862033143306773
0.10780074211247327
0.028017851452243916
0.03255764119219944
0.47053267686739875
0.04579301256742131
0.13678084661238224
0.023194827009486534
0.3009352089736262
0.48505669771687504
0.1715109325961467
0.43587383495686
0.20927493877672035
0.2834254752135031
0.3268088126106759
0.3188040150311785
0.22662965384079803
0.15182226450689
0.06262587324740466
0.07710382610480501
0.44083557025267356
0.4718315377335433
0.24412496799794975
0.2370021096952515
0.4271873125456793
0.35820804011077123
0.0403112887414927
0.2578003103178892
0.4874033237473873
0.18396738841435992
0.42296571965113255
0.012529964086141475
0.22014540649307215
0.0022360679774999902
0.0909725233243533
0.02899999999999987
0.11463420083029309
0.21626141588364764
0.34328559538669834
0.1834393632784414
0.2111918559035834
0.04080441152620621
0.18020543831971328
0.1052615789355261
0.01720465053408545
0.07072481884034744
0.08800568163476694
0.1060424443324462
0.2718234721285119
0.0787464284904402
0.4022747817102134
0.08905054744357267
0.3035061778613411
0.09904544411531496
0.14406942770761613
0.061400325732034904
0.12231925441237773
0.02061552812808825
0.15380832227158586
0.24716391322359324
0.07951100552753687
0.00921954445729298
0.009848857801796012
0.09501578816175746
0.2076078033215515
0.24920072231034948
0.029206163733020648
0.10901834707974609
0.10462313319720454
0.18047991578012237
0.009219544457292667
0.15754364474646396
0.16430459518832705
0.3483819742753633
0.03765634076752536
0.32250271316688184
0.07234638899074376
0.1464786673888045
0.18980516325959082
0.18181859090863048
0.08987213138676511
0.015231546211728033
0.07440430095095316
0.06020797289396145
0.3038716834454963
0.10822661410207744
0.10000000000000003
0.29072495592913916
0.22122612865572622
0.09708243919473808
0.12080149005703522
0.1475127113166863
0.48774788569505867
0.22530423875284733
0.29046170143411315
0.25203967941576183
0.45452612686181204
0.0887524647545068
0.029832867780352636
0.11560276813294744
0.21746264046957603
0.3442092386906547
0.18449119220168766
0.2120495225177364
0.041880783182743915
0.18123189564753786
0.10480935072788097
0.01627882059609972
0.07150524456289893
0.08905054744357267
0.10700467279516342
0.2720827080135743
0.07789736837660169
0.40205720985949245
0.09013878188659985
0.3013784995649157
0.10012492197250401
0.14236923825040287
0.06184658438426494
0.12342204017111383
0.021633307652784078
0.15326447729333753
0.2482438317461282
0.07864477096412686
0.007071067811865403
0.010000000000000054
0.09625487000666515
0.20860009587725523
0.25020391683584814
0.02831960451701261
0.10807404868885012
0.103600193050013
0.17969418465826878
0.007211102550927646
0.15642570121306787
0.165496223521868
0.3492062427849766
0.03945883931389784
0.324556620638064
0.07324616030892021
0.14755676873664617
0.19080094339389414
0.18285786830213238
0.09068627239003708
0.01676305461424065
0.0734098086089317
0.0594138031100516
0.3049213013221609
0.10959014554238
0.10101980003939842
0.29149614062625256
0.22226560687609767
0.09602083107326234
0.12182774724995954
0.27612316092642425
0.10153324578678649
0.16732304085211927
0.2682629307228266
0.3805955858913764
0.2321077336066165
0.25128867861485515
0.11205802068571441
0.2282323377613261
0.13237824594698333
0.0862786184404918
0.12700393694685194
0.1470136048126157
0.15980300372646297
0.2861118662341705
0.1022594738887307
0.39273018727874726
0.14900335566691109
0.22403571143904713
0.15715597347857957
0.1056030302595527
0.11300442469213316
0.17801685313475243
0.09916148445843284
0.16787197502859139
0.2934655005277451
0.1021077861869505
0.08183520025025898
0.08989438247187649
0.15801265772082937
0.2526994261964203
0.29261749776799056
0.08621484790916238
0.11742657280190032
0.11136426715962348
0.181198785867897
0.08215229759416375
0.14707821048680192
0.2189794510907361
0.3817250319274333
0.12090492132250036
0.403767259693007
0.13103434664239777
0.1989271223337835
0.23612284938141828
0.2301695027582932
0.142425419079601
0.10017983829094579
0.09535197952848172
0.09518928511129812
0.34707059800565065
0.17301156030739684
0.15632018423735317
0.3238348344449682
0.26725456029785527
0.1050761628534274
0.1743932338137005
0.08580209787645054
0.18804254837669068
0.31437875246269437
0.15476756766196215
0.18222239159883724
0.012649110640673528
0.151476070717457
0.13406341782902578
0.04609772228646449
0.041725292090050006
0.05936328831862319
0.07720103626247501
0.2437067910420224
0.1077125805094279
0.37632432820640227
0.0605392434706613
0.32205123815939596
0.07049113419430847
0.16981460479004742
0.03312099032335842
0.0938136450629652
0.00860232526704257
0.1827019430657484
0.2185520532962342
0.10846658471621558
0.031304951684997036
0.020248456731316512
0.06711929677819929
0.1788071586933813
0.2204177851263368
0.05813776741499459
0.13790576492663367
0.13340539719216749
0.20947553556441864
0.02996664812754312
0.1861316738225926
0.1360771839802693
0.319394740094448
0.020615528128088322
0.30338918899657596
0.04341658669218503
0.11788553770501302
0.1610124218810461
0.15311760186209805
0.06087692502089767
0.015652475842498292
0.10323274674249439
0.08919641248391087
0.27518175811634027
0.08099382692526642
0.0712811335487871
0.261725046566048
0.19252012881774203
0.1258014308344702
0.09208691546577075
0.13678084661238207
0.10346980235798285
0.2286744410728931
0.06911584478251002
0.0968762096698668
0.07387827826905549
0.06573431371817931
0.21850629281556153
0.1318218494787568
0.044777226354476354
0.02687005768508891
0.008602325267042726
0.16737084572887828
0.19334942461771118
0.3095706704453766
0.026248809496813325
0.3908004605933825
0.016643316977093238
0.4417261595151458
0.2528339375954106
0.05738466694161424
0.011180339887499068
0.09402127418834517
0.2673013280924731
0.13292479076530456
0.19412624758130967
0.11676472069936188
0.10601886624558848
0.024351591323771862
0.09300537618869151
0.13461797799699712
0.14384018909887464
0.22365151463828697
0.21920082116634496
0.29492032822442066
0.11537764081484739
0.2719062338380641
0.05220153254455301
0.23410467744152402
0.08309632964216893
0.24848541204666344
0.042438190347845656
0.032695565448543865
0.07521303078589502
0.06741661516273263
0.026000000000000023
0.10000499987500593
0.18901058171435792
0.17477413996355393
0.1894333655932872
0.02404163056034267
0.014866068747318368
0.17686718180600944
0.10678014796768168
0.21160340261914498
0.007071067811865583
0.13261221663180203
0.03634556369077253
0.037483329627982814
0.1756359872008013
0.040311288741492785
0.3172333525971063
0.2334202219174682
0.14807092894960877
0.1288254633215036
0.11189280584559519
0.1217579566188593
0.2942685847996691
0.26732003291934564
0.1275343091093531
0.48947012166219106
0.11764777940955802
0.40064947273146384
0.35628780501162277
0.16085086260259857
0.0943663075467087
0.19586219645454817
0.365759483814159
0.03413209633175194
0.2951016773927251
0.2193171219946132
0.2082546518087892
0.12126417442921895
0.024413111231467426
0.040496913462633136
0.24528350943347188
0.32477992548801404
0.3206696119060863
0.3948164130326906
0.2179587116864108
0.37375526752140914
0.05197114584074505
0.14183441049336362
0.18146349495146413
0.18886238376129857
0.14534441853748623
0.07077428911688192
0.03413209633175228
0.03832753579347385
0.12946814279968663
0.2011889659002201
0.4733846216344591
0.2904496514027862
0.2756882297088506
0.08982761268117938
0.1088117640698836
0.1171708154789408
0.09176055797563566
0.018973665961010362
0.3132315437499871
0.09666436778875667
0.16058953888718902
0.1324122350842249
0.30255247478743263
0.16352675622050356
0.446794136040302
0.36045665481441747
0.2728534405134011
0.25544079548889626
0.23725513693068923
0.11851160280748918
0.4220189569201839
0.2010223868130116
0.254568261965234
0.24459149617270023
0.3193399442600314
0.4773227419681573
0.2840158446284292
0.22165062598603236
0.3226701101744629
0.4955582710438804
0.0987167665596884
0.4227919109916839
0.3450362299817224
0.3345265310853536
0.24983394485137533
0.13594851966829205
0.09475230867899745
0.37248624135664404
0.4522830971858222
0.44775551364556077
0.3436335257218071
0.18176083186429345
0.01746424919657304
0.31071047616712255
0.24158021442162855
0.2709630971184082
0.1974968354176845
0.15371727293964085
0.16205246064160841
0.25364542179980315
0.3286715685908957
0.3470230539892127
0.41760866849240574
0.40344764220404106
0.04428317965096909
0.23900209204105308
0.24340295807569795
0.05756735185849716
0.12303657992645937
0.44011362169330775
0.22267914136712494
0.35524920830312906
0.3494137948049562
0.3042449670906653
0.4214949584514623
0.4034017848250055
0.4854626659177821
0.32386725675807376
0.033526109228480386
0.1426359001093344
0.0040000000000000036
0.2862621176474455
0.20064396327824088
0.11387712676389433
0.09544108130150268
0.07769813382572348
0.12100413216084813
0.2620019083899963
0.2690669061776272
0.09440338976964763
0.453124706896457
0.08440379138403685
0.40312405038647847
0.32156181365330067
0.1261269202034206
0.061220911460055885
0.16286497474902334
0.3350059700960567
0.06381222453417514
0.26280030441382674
0.18584133017173554
0.17501142819827512
0.0892748564826627
0.024839484696748463
0.06594694837519008
0.2126240814207085
0.2924055403031891
0.2880624932197873
0.3632698721336523
0.184458667456967
0.34089587853184744
0.022847319317591652
0.16726027621644052
0.15014659503298777
0.21343383049554263
0.11151681487560508
0.03701351104664341
0.008246211251235275
0.002000000000000224
0.09489467845985901
0.1686001186239201
0.4928366869460917
0.2578410362994999
0.24340295807569795
0.12043255373859667
0.07864477096412707
0.08348652585896715
0.1117720895393836
0.03780211634287146
0.2805084668953863
0.06268173577685933
0.17059015211904813
0.03492849839314591
0.3153823076838646
0.22831995094603538
0.14058449416631988
0.12374570699624297
0.10538026380684389
0.08967719888578142
0.28993275082335895
0.23753947040439402
0.12304470732217611
0.46832680896997547
0.11317243480636081
0.37153869246688154
0.345441746174373
0.15160474926597772
0.090906545418908
0.19059118552545906
0.36417715469260276
0.04404543109109052
0.29068883707497245
0.21270872102478536
0.20229928324143898
0.1192057045614848
0.014317821063276458
0.04148493702538312
0.24036014644695156
0.3200952983097375
0.3154932645873758
0.39164397097363823
0.21130309983528373
0.36783963897328953
0.05630275304103687
0.13724430771438215
0.17974426277353053
0.22631394124092336
0.13885243966167798
0.06742403132415012
0.025298221281347056
0.03417601498127015
0.12137956994486344
0.19675873551128514
0.45974340669551755
0.2853944638566066
0.2713982313870153
0.09585405573057414
0.11011357772772613
0.11172287142747434
0.08015609770940701
0.02193171219946133
0.30782624969290706
0.09128526715741148
0.09013878188659971
0.1155205609404662
0.3728391073908423
0.4719629222725021
0.13567977004697496
0.13940229553346684
0.14504137340772785
0.058008620049092775
0.030805843601498625
0.04720169488482365
0.06529931086925791
0.2341815535006973
0.11947384651043921
0.3687872015132846
0.04825971404805466
0.33372593546201945
0.05824946351684281
0.49742537128699027
0.18246369501903661
0.02531797780234435
0.08154140052758484
0.020248456731316512
0.19379370474811605
0.20637102509800156
0.12025389806571747
0.043863424398922615
0.03264965543462895
0.054561891462814906
0.16681726529349425
0.20840345486579628
0.07000000000000006
0.14980654191322867
0.1454269576110288
0.22107012462112566
0.04254409477236503
0.19830532015051944
0.12366486970841821
0.3078262496929071
0.017464249196572995
0.292035956690268
0.03182766092567928
0.10568348972285141
0.1490134222142421
0.14101418368376983
0.04957822102496213
0.026172504656604506
0.11520850663036991
0.10089598604503536
0.26306843216167153
0.0683520299625403
0.05920304046246288
0.2503197954617253
0.18042172818150254
0.13787675656179324
0.08000000000000004
0.2572003110418025
0.2969713790923293
0.3010946694978176
0.41130037685370524
0.08286132994346643
0.49881158767614875
0.19588772294352697
0.18730189534545572
0.2832701890421933
0.19740820651634539
0.11045361017187286
0.09220086767487626
0.07433034373659275
0.12103718436910203
0.25882233288493484
0.2690074348414928
0.09121403400793109
0.44916144090961335
0.08121576201698788
0.4030446625375407
0.3179716968536666
0.12258874336577572
0.058137767414994546
0.15961516218705543
0.3320316249997883
0.06723094525588631
0.25961509971494334
0.18249657531033295
0.17171196813268436
0.08631338250816047
0.02758622844826747
0.06902897942168915
0.2094015281701642
0.2892006224059691
0.2848227519001949
0.3601735692690402
0.1811104635298578
0.3376062795624514
0.021587033144922843
0.16991762710207547
0.14718695594379289
0.21668871682669597
0.10816653826391956
0.03397057550292597
0.009999999999999877
0.0019999999999997797
0.09141662868428276
0.16541463055002095
0.494619045326805
0.254609504928626
0.240226976003945
0.1237093367535368
0.0760591874792257
0.08021221852062185
0.11403946685248921
0.041048751503547434
0.2772525924134886
0.059405386961116635
0.0888144132446979
0.17564168070250266
0.1916376789673677
0.21001190442448706
0.37669085468059854
0.031575306807693874
0.19237983262286082
0.2667208278331486
0.20231164079212033
0.08820430828480005
0.16664333169977116
0.22514439810930217
0.12549501982150515
0.048795491595023534
0.34941379480495594
0.03140063693621517
0.10594810050208536
0.11480853626799696
0.19698730923589952
0.310845620847391
0.3522059056858642
0.07710382610480473
0.025000000000000022
0.02831960451701269
0.4643888456886103
0.07803204469959792
0.10733592129385204
0.06612110101926644
0.26581948762270985
0.45260357930533407
0.13612494260788485
0.3932429274634191
0.17686718180600944
0.2493030284613486
0.29308360581922666
0.2847630594020226
0.19460986614249526
0.11892854997854815
0.03847076812334269
0.04695742752749558
0.4062634613154373
0.20849220608934027
0.2036663938896154
0.39528850223602485
0.32398919735077564
0.030413812651491227
0.22424317157942608
0.0877838253894189
0.10520931517693663
0.12322743201089598
0.2879027613622348
0.06161980201201547
0.41670733134899357
0.10625441167311607
0.2914309523712262
0.116249731182485
0.1282653499585916
0.07798717843338102
0.13952060779684142
0.03780211634287174
0.13713132391981045
0.2643671689147501
0.06236986451805051
0.01746424919657304
0.026172504656604898
0.11216059914247967
0.2248043593883359
0.2664000750750646
0.012041594578792298
0.09183136719008353
0.08741853350405718
0.16341664541900253
0.01878829422805604
0.14035668847618193
0.18147176088857492
0.36548324174987834
0.053758720222862565
0.3360952246016004
0.08949860334105805
0.16368261972488127
0.20700241544484452
0.19902261178067177
0.10696261028976436
0.03224903099319461
0.05720139858430024
0.04313930922024578
0.32107631491594024
0.12523977004130932
0.11720068259186911
0.3077742679302479
0.2384302833114955
0.07988116173416597
0.13800362314084377
0.2814604767991412
0.3844008324652797
0.020223748416156703
0.036235341863986914
0.20359273071502332
0.14940214188558323
0.3396954518388493
0.02209072203437476
0.35101282027868985
0.031048349392520276
0.4693239819144128
0.20825465180878897
0.01399999999999979
0.05385164807134529
0.05020956084253258
0.22434125790857087
0.1776738585161026
0.1501465950329874
0.07220110802473861
0.061717096496837695
0.031016124838541784
0.13756816492197632
0.17917868176767024
0.09982484660644354
0.1795132307101621
0.17491712323268957
0.25119116226491717
0.07080254232723529
0.22740712389896658
0.09638464608017232
0.27770487932335663
0.04427188724235728
0.279159452643109
0.0044721359549999805
0.07736924453553916
0.11981652640600135
0.11216059914247968
0.01920937271229865
0.056727418414730946
0.14481022063376583
0.1309083648969764
0.23409399821439264
0.046010868281309625
0.031016124838541985
0.2200022727155337
0.151476070717457
0.1672632655426766
0.05142956348249538
0.01843908891458579
0.19210674116230278
0.1666433316997711
0.3319036004625439
0.0022360679774999902
0.3710485143481912
0.011180339887499132
0.46302051790390464
0.2278530228019807
0.034132096331751835
0.03448187929913356
0.06742403132415008
0.24043294283437933
0.15920113064925145
0.1674305826305335
0.090553851381374
0.07961155694998036
0.01170469991071974
0.1196327714299057
0.16120794025109322
0.11720068259186882
0.1970025380547161
0.19262658175859296
0.26812683565805184
0.08918520056601278
0.24546486510293067
0.07692203845452912
0.2609693468589751
0.056400354608814214
0.2605782032327343
0.0167630546142398
0.05852349955359846
0.10182828683622254
0.09381364506296518
0.010295630140986955
0.0732461603089195
0.16240997506310978
0.1480540441865737
0.21587264764207637
0.026305892875932053
0.012041594578792555
0.2037253052519496
0.1332216198670472
0.1850675552332173
0.032802438933713624
0.1745537166605168
0.18476471524617447
0.3157530680769388
0.01802775637731984
0.3835218377094059
0.009219544457292901
0.44751759741936414
0.24439517180173576
0.04904079934095675
0.018248287590894894
0.08542833253669399
0.2588049458569135
0.14150971698084916
0.18553975315279447
0.10816653826391953
0.09741663102366024
0.018027756377319955
0.10160708636704455
0.14322011031974535
0.13524792050157364
0.21505813167606536
0.2106015194627045
0.286356421265527
0.10678014796768134
0.2633040068058212
0.06040695324215619
0.24262110378118398
0.07481310045707229
0.25333179824096336
0.03383784863137693
0.041146081222882304
0.0838152730712011
0.0760065786626395
0.01772004514666926
0.09143850392476861
0.1804134141354238
0.16619265928433757
0.19803282556182458
0.022803508501982917
0.006708203932499226
0.18531055015837614
0.11537764081484772
0.20300246303924477
0.015231546211728012
0.08052328855678986
0.3911035668464301
0.49912323127660563
0.49227634515584834
0.23084193726444072
0.34800143677864304
0.14808443537387714
0.19223423212320942
0.48355764909677496
0.1836572895367891
0.28214358046923554
0.38934303640876883
0.210622885746065
0.1658010856418014
0.2522875343729847
0.42466104130235427
0.10292715870944856
0.34860005737234157
0.2707563480326914
0.26210112552219217
0.19171854370404542
0.10340696301506977
0.09319334740205445
0.29959472625531974
0.37653817867515077
0.37122769293251795
0.44884407091995754
0.2693640659033789
0.4207089255055089
0.14222517358048814
0.111112555546167
0.24730952266340245
0.3013171087077535
0.20349447166937953
0.14669696656713788
0.11303981599418851
0.12100413216084813
0.18604569331215376
0.25930676813380676
0.38858975797105116
0.34241495294452295
0.33026201719241016
0.11136426715962368
0.18708554193202628
0.18124017214734692
0.06894200461257287
0.10278618584226192
0.36341849154934297
0.1641249523990791
0.1978408451255705
0.4338409846937007
0.3246721423220665
0.47279805414151177
0.16760966559241147
0.2588609665438186
0.17760912138738819
0.08178630692236942
0.1393161871427724
0.20080089641234178
0.09935793878699378
0.0768505042273634
0.3256270873253636
0.0009999999999998899
0.07783315488916018
0.08772684879784524
0.1731040149736567
0.28627609051403513
0.32784447532328487
0.049578221024962045
0.030528675044947336
0.02692582403567244
0.4945341242017582
0.10183319694480783
0.07924645102463594
0.08005623023850181
0.24242318370980956
0.42710303206603434
0.11301769772916094
0.38342274319607084
0.1510926867852976
0.22500000000000014
0.2684715999877826
0.26040929322894746
0.16858232410309207
0.09340770846134729
0.007000000000000006
0.01860107523773838
0.3824042363782074
0.18560711193270585
0.1786644900364928
0.3693805625638685
0.29980326882807656
0.02039607805437116
0.19944422779313517
0.28110140519036914
0.4819647289999548
0.45533723766017653
0.43237483738071547
0.4311403483785761
0.3951417467188199
0.42564304293621424
0.3995860357920431
0.37871493236998194
0.4698020859894089
0.08184130986244041
0.3943805269026349
0.18747266467408016
0.3324530041975857
0.3249692293125613
0.13405968819895114
0.49818570834579334
0.3437513636336588
0.30985964564621826
0.38457509019696
0.24253865671269806
0.473228274725845
0.39924929555354244
0.3924410783799269
0.3336240399012037
0.25096613317338257
0.23283470531688352
0.42754181082088333
0.4986882793890386
0.49290262730076806
0.3979472326829273
0.29001551682625526
0.18413310403075275
0.3839231693972115
0.43275512706379354
0.3405657058483721
0.29290442127083016
0.26112257658042515
0.2690297381331663
0.32427457501321305
0.3918430808372145
0.49430860805775967
0.28302826713952106
0.4664857982832917
0.45650848842053293
0.22453730202351682
0.3312099032335838
0.32221886971436037
0.18867962264113206
0.24862019226120793
0.48527311897528375
0.3074605665772442
0.22743130831088332
0.4976283753967411
0.06637017402418048
0.36477390257528003
0.3523889896123316
0.3434195684581761
0.3730335105590381
0.009999999999999976
0.4637208211844709
0.22933381782894566
0.036055512754639925
0.033286633954186504
0.06850547423381577
0.24117421089328764
0.1581138830084189
0.16840427548016698
0.09178779875342913
0.08077747210701754
0.00948683298050504
0.11869709347747322
0.16024044433288362
0.11822436297142828
0.198002525236422
0.19366982212001943
0.2690074348414929
0.09042676594902618
0.2465643932119965
0.07559100475585719
0.2602306669091865
0.05685068161420763
0.25838343600161384
0.018439088914585573
0.05742821606144506
0.1008959860450354
0.09280086206496131
0.012206555615733777
0.07420242583635632
0.1634441800738099
0.14901342221424205
0.21483016547961784
0.024186773244895668
0.011401754250991459
0.2030886505937739
0.13220060514233653
0.1861316738225926
0.03189043743820394
0.2167809954770021
0.2553448648396909
0.054671747731346566
0.3811587595740127
0.1788854381999831
0.33701335285118894
0.4016590594023743
0.3177184288013524
0.2566028059082754
0.25793410011086176
0.2957177708559294
0.3062433672751135
0.3820052355662157
0.47183153773354325
0.2842973795165899
0.2420020661068828
0.2401541171831123
0.2368818270783977
0.2965754541427867
0.21365392577717823
0.4418144406874906
0.3392491709643518
0.35500140844791045
0.42171554393927685
0.4562477397204285
0.4511429928525986
0.36630724808553805
0.31653751752359494
0.4808159731123749
0.2563201123595259
0.26911150105486026
0.4778210962274479
0.39700503775141194
0.38025780728342723
0.48630957218627713
0.2420764342103543
0.39785047442475174
0.4566979308032828
0.2390020920410531
0.04472135954999582
0.02332380757938125
0.07849203781276157
0.25110356429170805
0.14812157169028414
0.17840403582878936
0.10171037311896954
0.09073588044428726
0.009055385138137358
0.10870602559196073
0.15024313628249375
0.12822246293064263
0.20800240383226326
0.20366639388961538
0.2789928314491253
0.10034440691936922
0.256550190021368
0.06574191965557458
0.2503197954617253
0.06660330322138687
0.2524004754353685
0.027856776554368037
0.047434164902525854
0.090906545418908
0.08280096617793771
0.015524174696260159
0.08420213774008324
0.1734416328336423
0.15901257811883926
0.20483163818121455
0.018357559750685808
0.0031622776601683998
0.19325889371514055
0.12220065466273076
0.1961249601657066
0.02193171219946133
0.4721493407810712
0.4426341604530767
0.3745090119075908
0.4655029538037327
0.3848792018283139
0.36496575181789315
0.4240011792436431
0.3018758022763665
0.4705581791872287
0.4264234984144284
0.3951822364428847
0.40307939664537557
0.4548955924165457
0.46727400954900145
0.2313114783144146
0.35007570609798094
0.41403019213579095
0.463905162721865
0.4538512972329153
0.3182514728952561
0.38209946349085594
0.4400090908151786
0.1954942454396037
0.26208777155754526
0.16292636373527777
0.09080198235721522
0.38506363110530184
0.08080841540334786
0.13888484438555565
0.15028306624500323
0.23666009380544067
0.3444198019858906
0.3857162169263823
0.11808894952534718
0.0632850693291872
0.06126989472816172
0.08827797007181346
0.14013208055259896
0.05261178575186367
0.30463092423455657
0.48009374084651424
0.18168654325513492
0.462276973253049
0.21115397225721355
0.2855240795449661
0.3269281266578328
0.31976553910638955
0.2268501708176566
0.15911002482559078
0.08062257748298557
0.0951892851112983
0.4407833935165888
0.4862848959200769
0.25078476827750135
0.23924046480476518
0.4218494992292867
0.35868788660895695
0.06356886030125133
0.259624729176556
0.27765085989422045
0.4452527372178636
0.3797288506289718
0.06705221845696091
0.04167733196834939
0.2151023012429202
0.18978935691971766
0.140014284985497
0.061522353661088075
0.051855568649856666
0.04501110973970753
0.14937536610833807
0.19090573590125567
0.08993886812718968
0.16907099100673642
0.16426807358704845
0.2411244491958458
0.06010823570859469
0.21630071659613154
0.10944404963267781
0.2883400769924292
0.04200000000000004
0.292769533934117
0.01811077027627507
0.09007774419910854
0.1317269904006008
0.12435433245367838
0.03138470965295036
0.04876474136094622
0.13438005804433928
0.12101652779682605
0.24593495074917673
0.06000833275471005
0.04438468204234444
0.23038446128157164
0.1634778272427181
0.15654072952429982
0.06425729530566941
0.10178899744078433
0.2739142201493015
0.12485191228010876
0.20160357139693724
0.1250319959050483
0.11405700329221351
0.02831960451701269
0.08570297544426335
0.1271416532848302
0.15147607071745703
0.2312249986485024
0.22692730113408563
0.3020546308203204
0.12366486970841782
0.2798463864337005
0.04254409477236543
0.22772790781983654
0.08910667763978194
0.2375078946056321
0.050990195135927695
0.024207436873820518
0.06794115100585198
0.059665735560705035
0.035902646142032625
0.1074150827398087
0.19669773765857096
0.18220043907740718
0.18160396471443008
0.02137755832643197
0.022847319317591645
0.1710584695360039
0.0990201999594021
0.21940145851839732
0.0049999999999999715
0.4696647740676322
0.334619186538967
0.1741551032843999
0.22661200321253938
0.10012492197250386
0.02404163056034271
0.012649110640673528
0.07470609078247892
0.18700267377767626
0.22860008748904703
0.04981967482832473
0.1296302433847903
0.12520782723136756
0.20106217943710858
0.022803508501982567
0.17805897899291692
0.14389232085139234
0.32779414271765134
0.021840329667841468
0.30756625302526286
0.051739733281106245
0.12592458060283557
0.16920106382644273
0.16123585209251678
0.06931089380465373
0.007280109889280358
0.09500000000000001
0.0808084154033476
0.28329666429381045
0.0882383136738231
0.07940403012442135
0.2701740179958094
0.20064396327824058
0.11764352935882198
0.10020977996183802
0.11734564329364744
0.47195974404603613
0.07402702209328717
0.4492883261336755
0.16196604582442606
0.4163099806634474
0.22594247055390013
0.39807662578955816
0.07632168761236881
0.15401298646542763
0.16324827717314508
0.24573359558676536
0.35961090083588965
0.40094388634820205
0.1252517464948093
0.05124451190127591
0.0572800139664788
0.4365890516263548
0.032557641192199636
0.155415571935376
0.0431393092202461
0.3144598543534613
0.1848594060360467
0.43420386916746845
0.2256213642366344
0.2980620740718283
0.3418552325180937
0.33351611655210894
0.24334748817277724
0.1676573887426381
0.08285529554590945
0.09440338976964766
0.4549208722404369
0.45594078562901136
0.2570992026436488
0.2524618783103699
0.44407206622349027
0.3727143678475515
0.06451356446515727
0.2730347963172459
0.2913863414781138
0.4907076522737344
0.3423828266721329
0.47774574828040106
0.3038042132690063
0.4415087768097029
0.32643529220965045
0.24964975465639852
0.23879907872519096
0.15261061562027722
0.04085339643163082
0.009848857801796113
0.2763277040037788
0.35606881357400544
0.35177833929905333
0.4266907545283821
0.24826800035445537
0.40466529379228955
0.08363013810822008
0.10770329614269007
0.21333541665649422
0.1986001007049092
0.17532826355154468
0.10068763578513479
0.05813776741499459
0.06551335741663686
0.15864740779476988
0.2322627822101506
0.4397271881519268
0.32154937412472123
0.30702605752606715
0.056850681614207595
0.14101418368376983
0.14727525250360274
0.05953990258641678
0.026400757564888196
0.34424555189573613
0.12647924730958823
0.0490407993409569
0.40930795252474633
0.2709852394504173
0.10100000000000003
0.07851751396981432
0.08845903006477057
0.1739252713092607
0.28706271091871194
0.32863505595112624
0.05032891812864628
0.029681644159311595
0.026000000000000023
0.4946362299710768
0.10111874208078359
0.07993122043357033
0.07915806970865337
0.24324884377936934
0.42785044115905724
0.11387712676389393
0.38441904219224104
0.1518551941818258
0.22580079716422619
0.26925824035672496
0.2612049004134491
0.16933103672983268
0.09420191080864566
0.007071067811865466
0.019416487838947616
0.38320751558391947
0.18645374761586309
0.17944915714485818
0.37011484704075287
0.30060106453570634
0.019416487838947723
0.20023236501624797
0.4670685174575568
0.41675172465150045
0.48448735793620024
0.4464616444891989
0.45827939076506574
0.011401754250991467
0.09841239759298616
0.20972362766269334
0.2513404066201851
0.02884441020371203
0.1075639344761987
0.10282509421342625
0.17961069010501582
0.0014142135623732533
0.15520631430454115
0.16735889578985655
0.34969272225769865
0.04401136216933081
0.32987421845303416
0.07433034373659271
0.1490402630164079
0.1919505144562003
0.18416568627190016
0.09140021881811873
0.02100000000000035
0.07286288492778746
0.059665735560705105
0.30619764858666043
0.11216059914247968
0.1023962889952562
0.2918218634715363
0.22354417907876725
0.09513148795220223
0.12317467272130259
0.4728678462319044
0.4555798503006911
0.08720665112249168
0.19902261178067185
0.24063665556186564
0.03818376618407368
0.11779643458101764
0.11322985472038719
0.1895521036549055
0.01019803902718536
0.16589454481688068
0.15628499608087798
0.3394127281054733
0.033060550509633
0.3191441680494883
0.06360031446463153
0.1381339929199183
0.18123189564753758
0.17335801106380966
0.08091971329657555
0.01044030650891074
0.08309632964216893
0.06929646455628156
0.29542003994312904
0.10084641788382966
0.09152595260361956
0.28165581833152314
0.21275807857752418
0.10560303025955271
0.1123298713610943
0.06859300255857015
0.18943336559328758
0.43495402055849536
0.1138990781349877
0.15521919984331836
0.12402015965156635
0.20359027481684852
0.19942417105255805
0.27408940147331495
0.09708243919473768
0.25249158401816085
0.06933974329343912
0.25603515383634334
0.06087692502089767
0.2489096221522987
0.027018512172212284
0.05234500931320981
0.0961769203083567
0.08778382538941894
0.020615528128088322
0.07992496481075198
0.16919810873647484
0.15450889942006557
0.20944211610848476
0.015000000000000124
0.012165525060596413
0.19936148073286375
0.12701574705523722
0.19197135202941082
0.02830194339616985
0.04161730409336948
0.23681216184985113
0.3166228039797512
0.312200256245891
0.38769575700541287
0.2083314666583038
0.3649013565335159
0.04716990566028295
0.142425419079601
0.1747712791050064
0.21303755537463348
0.13542894816101902
0.06155485358604951
0.017804493814765045
0.026172504656604978
0.11843141475132364
0.19287560758167407
0.46875686661637284
0.28200177304407154
0.267686383665662
0.0965660395791397
0.10347946656221228
0.1076150547089021
0.08713208364316777
0.014560219778560837
0.30460794474208985
0.08683317338436972
0.2784025861948844
0.35820943594495086
0.35380361784470193
0.429194594560556
0.24994799459087458
0.40651814227657784
0.08704596486914236
0.10241581909060729
0.21608563117431015
0.2082138323935278
0.17704519197086352
0.1029417310909427
0.059405386961116635
0.06747592163134943
0.1600312469488381
0.23443762496664192
0.4329260906898544
0.3236000618046912
0.30925070735569854
0.05507267925205748
0.14424978336205563
0.1492012064294386
0.05141984052872975
0.028284271247461926
0.3462166951491507
0.12840560735419612
0.0798122797569394
0.07545197147855033
0.15138031576133007
0.03023243291566216
0.12847178678604884
0.19335201059208074
0.37752483362025346
0.06500000000000006
0.3450000000000002
0.10153324578678677
0.17565022060902766
0.2190091322296858
0.2110094784600919
0.11900420160649793
0.04410215414240027
0.045221676218379935
0.031112698372207884
0.3330540496676178
0.13695254652616004
0.12920139318134324
0.3198124450361493
0.2504156544627352
0.06795586803212794
0.1500000000000001
0.2886173937932364
0.006082762530298207
0.4820290447680512
0.07234638899074389
0.10897706180660224
0.04976946855251747
0.2729194020219156
0.45719251962384494
0.14354441821262134
0.4109318678321261
0.1813201588351389
0.2554153480118217
0.29881934341672034
0.29080061898145926
0.1987158775739873
0.12381033882515638
0.03471310991541943
0.049091750834534265
0.41282562904936004
0.4995558026887489
0.21613421755936735
0.20900956915892624
0.3993720070310385
0.33020296788490533
0.01341640786499865
0.22980426453832384
0.48780016400161236
0.07762087348130024
0.10423531071570719
0.053235326616824806
0.26876383685310057
0.45251740298026094
0.13967104209534617
0.40926519519744164
0.17681628884240283
0.2510975905897945
0.294401086954515
0.2864402206394903
0.19412624758130967
0.11954078801814905
0.030232432915661883
0.04517742799230611
0.4084947980084935
0.2121438191416379
0.20461182761512106
0.3946352746524313
0.32584812413147307
0.00781024967590659
0.22541739063346458
0.3426149442158061
0.3368857373056923
0.46965945109195917
0.4386000455996329
0.4730042283109105
0.25357050301641954
0.46244999729700503
0.4929949289800048
0.4504575451693534
0.3120032051117428
0.2531264506131274
0.4279684567815717
0.1810248601711933
0.03601388621073814
0.3432098483435465
0.2134033739189707
0.4667343998464225
0.2527943828489868
0.3262590994899608
0.36989863476363355
0.3617195045888457
0.27035162289137454
0.19491793144808442
0.10683164325236236
0.12028299963003936
0.4835297302131484
0.4277686290507989
0.28600699292150195
0.28016602220826153
0.4711899829155964
0.40105859920964165
0.08542833253669423
0.3008920072052431
0.15660459763365853
0.16600301202086662
0.3482829309627445
0.042999999999999705
0.32895136418625764
0.07294518489934751
0.14766516176810285
0.19055970193091687
0.18278129007094757
0.08999999999999973
0.0200249843945008
0.07427651041883984
0.06107372593840992
0.3048097767460877
0.11086027241532448
0.10101980003939812
0.29041005492234573
0.22215760171553858
0.09654014708917755
0.12179490958164037
0.1720029069521792
0.06095900261651287
0.2702091782304962
0.3218198253681711
0.19289893727027116
0.4590642656535141
0.2294733099948665
0.3039802625171577
0.3471166950753017
0.33924917096435175
0.24660291969074494
0.17256882684888403
0.0833546639366989
0.09841239759298641
0.4613133425341175
0.4532559983055933
0.26532432983049264
0.2574101785089317
0.4465926555598513
0.3786515548627788
0.0605392434706613
0.2782175407841857
0.20063897926375118
0.18912958520548798
0.1298075498574719
0.20961870145576228
0.09352005132590549
0.0200997512422418
0.031016124838541503
0.022135943621178517
0.07810889834071431
0.14925146565444497
0.2385372088375314
0.22383252668010523
0.14046351839534685
0.057384666941614426
0.06539113089708731
0.1343018987207551
0.05879625838435619
0.26130633363927497
0.04522167621838021
0.3167964646267379
0.25878562556680007
0.276065209687856
0.20376947759662126
0.15996249560443854
0.1685823241030922
0.25852079220055013
0.3339970059746042
0.33394610343586884
0.4224807687930895
0.40858903558465676
0.05727128425310541
0.24590445298936733
0.24893774322107112
0.05824946351684281
0.13041855696180665
0.4448201883907698
0.22839658491317244
0.42776862905079893
0.3100096772683072
0.2284294201717462
0.45130255926595403
0.4884311619870294
0.33284530941565027
0.2860943900183995
0.04386342439892275
0.11321660655575241
0.15703502793962876
0.14866068747318498
0.06129437168288782
0.02302172886644236
0.10959014554237981
0.09451454914456275
0.2701851217221259
0.07267048919609671
0.06824954212300635
0.2598557292037257
0.18786431273661316
0.13241223508422473
0.08845903006477071
0.2747981077081863
0.22629184695874485
0.21663333076883648
0.21505813167606594
0.26791229908311437
0.30893364983439386
0.382883794381533
0.3676588092239869
0.2089258241577619
0.23448027635602967
0.25425970974576373
0.24463237725207201
0.20579844508644882
0.4036991454040993
0.24233241632105276
0.07479304780526058
0.11764352935882165
0.10983624174196754
0.017804493814764667
0.05798275605729679
0.1466492413891052
0.13254810447531873
0.23187065359807804
0.04201190307519982
0.02817800560721067
0.21850629281556153
0.14921461054467797
0.16920106382644307
0.04887739763939958
0.04384062043356571
0.035468295701936145
0.05869412236331701
0.13160547101089667
0.22087100307645652
0.2064000968992021
0.15741029191256822
0.042720018726587754
0.046647615158762444
0.14743473132203264
0.07481310045707212
0.24355902775302762
0.025942243542145842
0.008944271909999168
0.10070253224224301
0.17507141400011558
0.48478036263858715
0.2642006813011653
0.24988197213884775
0.11428035701729329
0.08605230967266353
0.0898109124772706
0.10404326023342411
0.03176476034853721
0.2868117849740487
0.06902897942168915
0.4475712233823797
0.42385138905045483
0.23894769302087873
0.27057346507002483
0.25984995670578787
0.4740653963326156
0.47767143519369026
0.3018078859142021
0.09315041599477693
0.1670029939851375
0.493724619600846
0.256222559506379
0.2418119103766394
0.12206555615733711
0.07733692520394111
0.08184130986244027
0.11289375536317327
0.039408120990476095
0.2788781095747745
0.06103277807866839
0.07569015788066472
0.16401524319403965
0.15007331541616567
0.21498139454380702
0.03361547262794336
0.014035668847618433
0.2008631374842084
0.1324009063413087
0.18647251808242407
0.03289376840679717
0.4544579188439782
0.43371995573180655
0.15559562975867894
0.0893084542470647
0.07481310045707251
0.28901557051480775
0.0930215028904605
0.08527602242131122
0.2764868893817568
0.2064000968992017
0.1120580206857147
0.10604244433244615
0.20946837470128996
0.4641045140913842
0.39087593939765597
0.412393016429716
0.38227869414865384
0.4592439438903904
0.015524174696260145
0.3782723886302038
0.18196977771047587
0.17440183485273322
0.36466011572421786
0.2956298361126629
0.022825424421026676
0.19520502042724205
0.3757193101239277
0.36380351839969866
0.16705687654209259
0.1600781059358212
0.35090739519138076
0.2812045518834997
0.038078865529319675
0.18085353189805267
0.1978408451255705
0.20390684147423777
0.04272001872658769
0.08266196223173031
0.4009401451588503
0.1830983342360055
0.02080865204668474
0.18999999999999995
0.1159655121145937
0.20478769494283589
0.023999999999999966
0.191731583209444
0.12124768039018294
0.1970406049523804
0.02080865204668471
0.07696752561957544
0.3869185960896684
0.1714059508885266
0.3182860348805771
0.10043903623591767
0.21784857125994653
