0.19303885619221842
0.40263134502917153
0.3321806737304265
0.1626929623554749
0.2043624231604235
0.4878626855991346
0.4861244696577206
0.29905517885500665
0.43840620433565947
0.1333604139165741
0.39096930825833376
0.3114883625434503
0.35986942076258716
0.13320660644277382
0.39902130268946784
0.08005623023850181
0.13901438774457833
0.3428002333721493
0.455342728063159
0.4536298050172629
0.24008540147205942
0.32687918257362314
0.27189152248645043
0.36041087663942667
0.22522211259110408
0.13918692467326083
0.019646882704388625
0.11920151005754938
0.3813764544383935
0.4129128237291741
0.14787156589419076
0.2664000750750646
0.33280925467901273
0.03827531841800931
0.2995413160150031
0.3096724075535305
0.16024044433288362
0.20041955992367638
0.42095367916197146
0.10220078277586714
0.31016124838541664
0.20708693826506774
0.2740894014733149
0.4016167327191436
0.45485492192566207
0.188520555908368
0.20771133815947548
0.4885949242470699
0.2822516607568501
0.3786092972973591
0.31831116851282476
0.2579379770409933
0.13880922159568482
0.49596068392565146
0.27110514565385885
0.4595671876885903
0.11661903789690609
0.12788275880665073
0.2857761361625566
0.32541972896553145
0.1311373325944982
0.40966327636242933
0.4361765697512877
0.48442130423836643
0.06264982043070846
0.1178897790310933
0.039824615503479675
0.27640007235889064
0.03244996147917601
0.15210851389715155
0.3287704366271393
0.309079277856022
0.26455245226608654
0.19144189719076643
0.19833809518093107
0.2909089204544957
0.3655680511204448
0.04404543109109073
0.4382111363258585
0.38773444520702555
0.4940647730814249
0.2218129842908209
0.2805084668953863
0.41186648321998703
0.1598405455446144
0.02220360331117439
0.2398207664069147
0.30881871704933955
0.17300289014926878
0.28568689154387167
0.28387673381240647
0.34283815423607683
0.4095912596723714
0.15879546593023366
0.4412810895563055
0.0558659108938535
0.3081379561170614
0.15185519418182575
0.28900692033236886
0.21164593074283278
0.2457173172570462
0.31761612049768523
0.09660745312862762
0.13165485179058167
0.4661040656334163
0.4679369615664059
0.3300378766141851
0.030886890422961125
0.2762607463973119
0.2720018382290826
0.1404635183953471
0.37687265753832566
0.10435037134576938
0.28775857936819194
0.22710790386950422
0.3774890726895284
0.3189623802268849
0.11260550608207383
0.3488266044899673
0.15057224179774945
0.08900561780022631
0.3086000648088071
0.35167740899864464
0.38032091712131744
0.2901930391997712
0.2859965034751301
0.29761720380381257
0.1176860229593982
0.49372461960084596
0.039812058474788754
0.239954162289384
0.29624989451474915
0.31567388235329175
0.1083005078473781
0.28761780195252185
0.13146862743635862
0.44224088458666966
0.1395170240508304
0.3215042767989253
0.49614514005480287
0.13931259813814395
0.4330288673980063
0.024166091947189074
0.02973213749463704
0.12163058825805294
0.1962090721653819
0.21382703290276506
0.26976471229573373
0.32433624527641036
0.3882537829822138
0.1109819805193617
0.011180339887499108
0.19200260414900627
0.40949725273803733
0.23661149591682998
0.37847721199564965
0.23145841959194308
0.34386334494970516
0.3422002337813344
0.39667240892202227
0.35095583767762
0.2172763217656264
0.3833379709864391
0.46716699369711473
0.11456002793295736
0.25039169315294785
0.09323625904121204
0.2306382448771238
0.27029798371427044
0.30194370336206705
0.2593703915253243
0.1550806241927082
0.44405517675171857
0.07323933369440225
0.4074923312161837
0.41436698710201314
0.2716026509443529
0.08902246907382447
0.32022648235272483
0.21366328650472452
0.19915069670980326
0.3184022612985027
0.16302760502442515
0.4803675675979802
0.34395639258487415
0.19356910910576622
0.31900626953086675
0.37710741175426393
0.17080105386091732
0.4867381226080408
0.40551325502380325
0.20894257584322043
0.1464411144453632
0.2502818411311534
0.40224619326974365
0.3330540496676178
0.34891976154984394
0.22801973598791853
0.23938462774372135
0.17441616897524162
0.435
0.02404163056034267
0.298209657791293
0.34477963977010007
0.3730268086880619
0.049578221024962114
0.22939267643061328
0.07424957912338645
0.3836925852814985
0.0822921624457638
0.26286498435508665
0.4392459447735401
0.1979520143873257
0.37430068127108723
0.08156592425762113
0.08683893136145802
0.1803468879687144
0.25406495232518805
0.15542522317822194
0.32687918257362314
0.4881854155953451
0.382613381888297
0.32962099447699017
0.1690266251216062
0.04841487374764062
0.13370115930686607
0.35092591810808155
0.29832867780352595
0.36562549145266093
0.4639536614792475
0.18070971196922414
0.4118215633013891
0.31440101781005747
0.4136967488390503
0.3651205280451923
0.37403342096662956
0.31941978648793806
0.21972937900972647
0.4962358310319803
0.327482823977075
0.21659178193089412
0.27917915394957404
0.3923467853825234
0.36316662842282166
0.3614318746319973
0.41634721087092674
0.33201505989939684
0.23547611343828476
0.36389009329741334
0.4494096127142811
0.1332066064427734
0.2308679276123041
0.07433034373659264
0.21140009460735862
0.28924902765610105
0.32159912935205504
0.24005207768315634
0.1742010332919984
0.4249529385708494
0.054037024344425366
0.38941237782073657
0.39481641303269055
0.2524202844463972
0.10822661410207754
0.3389173940652793
0.194401646083566
0.2180481598179631
0.2992524018282896
0.18195054273070996
0.46810789354592186
0.36361793135102666
0.19148106956041375
0.299868304427127
0.39642653796132243
0.19006577808748187
0.46865125626632037
0.4251411530303788
0.2270352395554484
0.1658945448168803
0.2310086578464106
0.4158485301164354
0.323130004796831
0.36764248938336797
0.2085689334488723
0.22005681084665413
0.19399226788715052
0.41650090035917103
0.03982461550347972
0.31747283348343364
0.35766045350303954
0.3925620969986784
0.03140063693621526
0.2100595153760003
0.05456189146281531
0.36575401569907623
0.06260990336999417
0.24393851684389656
0.41959146797807984
0.21692625475031818
0.3557316404257571
0.09970456358662803
0.10623088063270486
0.19897989848223357
0.2734684625327023
0.1362093976199885
0.3464476872487388
0.4718188211591394
0.40187187012778053
0.3115156496871386
0.18834542734029922
0.06767569726275414
0.11440279716860083
0.3318870289722093
0.4808003743758944
0.24865437860612857
0.3093428518650464
0.44467741116454296
0.12500000000000003
0.4765081321446677
0.022360679774997817
0.34335986952467235
0.18694651641579202
0.32420055521235647
0.1765814259767997
0.2111539722572132
0.35282998738769367
0.061400325732034966
0.16681726529349417
0.36521774327105194
0.005385164807134427
0.24906424873915553
0.3072002604165563
0.10547511554864503
0.41204368700418165
0.06935416353759871
0.2531600284405104
0.24797782158894768
0.41265603109611765
0.28373579259585835
0.07738862965578333
0.3139824835878589
0.11706835610018601
0.054230987451824836
0.3438037230746635
0.3260214716855318
0.4071719538475115
0.25534486483969077
0.3212242207555341
0.3328317893471116
0.08321658488546627
0.07479304780526053
0.20472664701987392
0.2728094573140748
0.28060826787534243
0.4903162244919089
0.14328293687665672
0.3228327740487326
0.16668833192518323
0.4766927731778614
0.17473408368146143
0.35658659537340986
0.1042353107157071
0.4679113163837781
0.019104973174542926
0.010049875621120889
0.08711486669908881
0.16103726276859046
0.24900803199897018
0.23479778533878898
0.2891107054399748
0.42284985514955536
0.07580237463298888
0.04534313619501874
0.22720035211240316
0.44462680980795566
0.26119724347703216
0.3437920883324688
0.3092005821469295
0.44354932082013143
0.1268266533501536
0.4756574397610112
0.02469817807045692
0.3425463472291012
0.18585209172887981
0.32320891076825237
0.1778004499431878
0.21140482492128695
0.3518820825219721
0.06248199740725329
0.16580108564180146
0.4992193906490411
0.36420049423360196
0.0036055512754637154
0.24770345173210645
0.3062188759694607
0.10679419459877038
0.4110109487592757
0.07071067811865474
0.2534324367558346
0.24508161905781503
0.4116175409284691
0.28460498941515416
0.0782368199762746
0.3143962467969364
0.11898319209031154
0.054561891462814906
0.3428308620879979
0.3288038929209933
0.40458991584071885
0.25670410982296327
0.320351369592827
0.3318870289722092
0.08338465086573206
0.07424284477308217
0.20564289435815694
0.27572631357924476
0.28119210515233173
0.4926662156064692
0.14212670403551883
0.3218897326725412
0.16589454481688068
0.4752283661567352
0.17394826817189052
0.3554602650086221
0.10547511554864503
0.4666401182924588
0.020615528128088322
0.007280109889280464
0.08872992730753264
0.16175598906995708
0.24800201612083747
0.235295558819116
0.29004310024546337
0.4214451328464951
0.07655063683601862
0.04420407221060082
0.22622555116520313
0.44354142985745976
0.05769748694700673
0.04882622246293485
0.4117523527558767
0.2560878755427518
0.3931030399271928
0.10744766167767458
0.14870776711389358
0.42161712488939534
0.01104536101718726
0.23584740829612685
0.43416586692184805
0.07424957912338603
0.21262408142070838
0.3760850967533809
0.03623534186398708
0.48101559226287033
0.0014142135623732533
0.189973682387851
0.3036593486128822
0.48163990698446063
0.21574522010927616
0.016155494421403672
0.24906424873915595
0.050921508225895966
0.027000000000000024
0.41265603109611737
0.27308972884383625
0.4687568666163729
0.18603494295427406
0.38981662355523017
0.4016179776852625
0.033837848631377475
0.1430034964607507
0.13669308687713533
0.22586943130932965
0.21444113411377022
0.42709483724343944
0.2125135289810979
0.39161843674679053
0.23520416662976024
0.24321184181696395
0.4257346591481598
0.0352278299076172
0.08292767933567174
0.07723341245859836
0.018788294228056047
0.09470480452437487
0.3179701243827793
0.1695936319559201
0.22080987296767315
0.4921483516176803
0.017492855684536013
0.1146298390472569
0.2961080883731478
0.31758620876858007
0.2816416162430544
0.3690054200143948
0.21574522010927616
0.1490033556669109
0.010049875621121127
0.12880993750483705
0.37185615498469315
0.40311288741492757
0.15754681843820256
0.2568112147083925
0.34233463161065064
0.02860069929215033
0.3083180176376332
0.31927730893378536
0.16980577139779418
0.19080094339389453
0.4113064550915778
0.11183022847155394
0.3006476342830593
0.21663333076883604
0.2645600120955547
0.4064984624817171
0.4450483119842162
0.18458873205046972
0.2172487054046581
0.4789404973480527
0.2726187814513154
0.38744806103528245
0.30904530412222736
0.24824383174612824
0.14844864431849789
0.4884096641140509
0.27365123789232165
0.45013886746203113
0.12640015822774903
0.13756816492197596
0.27603079538341396
0.33452204710601646
0.12175385004179566
0.40003124877939256
0.4287854941576266
0.47467567875339906
0.052839379254491864
0.12758134659894438
0.03138470965295046
0.2850438562747844
0.02469817807045708
0.16144348856488425
0.33861630202930243
0.2995413160150034
0.27367316273248266
0.18203571078225292
0.18867167248953964
0.28146935890075164
0.3558834078739837
0.05360037313302972
0.4284530312648053
0.39537956446938405
0.48443472212466354
0.23051247254758234
0.2708578963220384
0.4205769846294489
0.15020652449211383
0.03190611226708738
0.24928898892650653
0.0986154146165802
0.4441272340219635
0.24662927644543747
0.3903639327601872
0.32517072438951217
0.13413426109685778
0.4720264823079315
0.1912302277360983
0.3883979917558794
0.4396293893724578
0.3534133557182016
0.3482714458579687
0.35294475488382027
0.4343328216932263
0.1471393896956216
0.22053117693423746
0.06226556030423222
0.19971980372511902
0.3023722870899383
0.33169262879961625
0.22864164100180873
0.18701871564097544
0.41261240892634327
0.043657759905886065
0.3748332962798261
0.388785287787488
0.24047037239543656
0.12101652779682645
0.34244561612028274
0.1828496650256706
0.2313547060251857
0.28714108030722446
0.1952434377898525
0.449418513192325
0.37359336182539454
0.1742440816785467
0.2877168747223561
0.4084017629736679
0.2024277648940481
0.45407047911089754
0.43543656254384544
0.24177055238386652
0.1776091213873882
0.2194288039433289
0.43401382466460675
0.3041134656670106
0.3812413933454761
0.19785095400325978
0.20872230355187243
0.20498048687619047
0.40267232335982556
0.05635601121442164
0.3296922807710247
0.37606515392947537
0.40355049250372627
0.01897366596101008
0.19876870981117722
0.04825971404805465
0.35095583767762
0.055731499172370816
0.23120553626589457
0.4101572869034509
0.23005434140654693
0.34206578314704317
0.11447707194019247
0.11844407963254242
0.2128497122384714
0.2852034361644336
0.12467958934805669
0.3572618087621459
0.45519775922119804
0.41405917451494767
0.29699831649354497
0.20052929960482094
0.48641237648727625
0.08061017305526634
0.10335376142163359
0.31940100187695075
0.28363532925219315
0.48574170090697366
0.353882748943771
0.4696136710105445
0.4180155499499987
0.4316132528085762
0.31755314515841276
0.3360059523282287
0.248823230426743
0.11778370006074665
0.0414004830889692
0.0962548700066651
0.40485552978809636
0.43509194430602843
0.12519584657647373
0.2897050223934686
0.30942850547420453
0.061619802012015806
0.27518175811634005
0.2926106628269034
0.13705838172107507
0.22365151463828767
0.43925618948399603
0.07940403012442096
0.3336645021574819
0.18380696395947543
0.29755839762977637
0.38063630935579434
0.4769538761767225
0.18748866632412792
0.1844017353497518
0.30540792393125643
0.3542781393199416
0.34226597844366596
0.2808558349046715
0.11596551211459334
0.2544209110902641
0.48324941800275373
0.09484724561103487
0.10530906893520595
0.30841530441922016
0.3012806001056156
0.1549354704385026
0.4328001848428445
0.4602455866165368
0.08521150157109106
0.09538343671728315
0.06420280367709817
0.25200198411917296
0.05685947590331825
0.12831601614763413
0.3077823906593743
0.332520676048874
0.24043294283437933
0.2151882896442092
0.22140009033421862
0.3145790838565085
0.38849967824954545
0.021540659228538057
0.46072660005691046
0.3636069306270162
0.19742593547961196
0.30360006587614596
0.3874867739678346
0.1830437106267244
0.008062257748298288
0.2163007165961312
0.15987807854737304
0.2903187902978379
0.43226149493101984
0.2516763795035204
0.4660268232623525
0.35852057123685405
0.39714606884621206
0.3523464204444256
0.35948435292791264
0.23293775992741067
0.4533574748473881
0.4179688983644594
0.23330880823492295
0.3390634158973805
0.03929376540877682
0.13165485179058178
0.012083045973594685
0.4951252366825995
0.037854986461495314
0.3799710515289291
0.21920082116634493
0.15185519418182586
0.18777113729218328
0.22073513539987216
0.047413078364518614
0.3139124081650807
0.01612451549659714
0.42393041881893806
0.09374433316206356
0.3878272811445838
0.326547086956843
0.230835439220238
0.09430270409696623
0.3956425154100606
0.26622171211229184
0.4322510844405135
0.37100539079641426
0.028442925306655372
0.230783448279984
0.023345235059857566
0.02137755832643186
0.39839302202724414
0.2119457477752265
0.24506733768497208
0.17541379649275046
0.016401219466856652
0.1534438007871286
0.16571059109181877
0.1456708618770414
0.038183766184073285
0.22240728405337773
0.4227919109916841
0.15109268678529736
0.3053604427557703
0.31162316987027805
0.40479748022931195
0.47862824822611577
0.07000714249274842
0.2842903445423356
0.11136426715962336
0.39381467722775404
0.3001083137802081
0.2733056896590336
0.09193475947648982
0.1260357092255998
0.34247627655065405
0.2915836072209822
0.47511893247901643
0.13121356637177423
0.049477267507411965
0.10604244433244674
0.4045268841498671
0.43001511601337916
0.1347145129523914
0.2892144533041182
0.3135474445757771
0.06870953354520756
0.27224437551582215
0.3114113035841826
0.14430869689661813
0.22348601745970614
0.4256430429362143
0.09080198235721507
0.3337573969217762
0.18962331080328707
0.29771294899617645
0.3595803109181591
0.47151352048483197
0.1574357011608233
0.19007893097342485
0.3042170277943034
0.3514327816240257
0.34470277051396014
0.2789587783167971
0.12522779244241253
0.22754340245324628
0.4836610383315984
0.10834205093129834
0.11594826432508605
0.3053686296920495
0.30089200720524295
0.1584455742518548
0.4309454721887679
0.47278747868360466
0.0873670418407308
0.10673331251301077
0.07615773105863904
0.24821966078455593
0.07085901495222752
0.1328344834747362
0.3194056981332673
0.3323431961090824
0.2406698984085879
0.2174120511839212
0.2206173157302029
0.31557249563293704
0.386038858147726
0.04365775990588648
0.45660157686981334
0.3532930794680245
0.19455847450059835
0.3021737910540886
0.38356746473078224
0.1833712082089223
0.03905124837953319
0.2205538483001373
0.09323625904121204
0.2306382448771238
0.27029798371427044
0.30194370336206705
0.2593703915253243
0.1550806241927082
0.44405517675171857
0.07323933369440225
0.4074923312161837
0.41436698710201314
0.2716026509443529
0.08902246907382447
0.32022648235272483
0.21366328650472452
0.19915069670980326
0.3184022612985027
0.16302760502442515
0.4803675675979802
0.34395639258487415
0.19356910910576622
0.31900626953086675
0.37710741175426393
0.17080105386091732
0.4867381226080408
0.40551325502380325
0.20894257584322043
0.1464411144453632
0.2502818411311534
0.40224619326974365
0.3330540496676178
0.34891976154984394
0.22801973598791853
0.23938462774372135
0.17441616897524162
0.435
0.02404163056034267
0.298209657791293
0.34477963977010007
0.3730268086880619
0.049578221024962114
0.22939267643061328
0.07424957912338645
0.3836925852814985
0.0822921624457638
0.26286498435508665
0.4392459447735401
0.1979520143873257
0.37430068127108723
0.08156592425762113
0.08683893136145802
0.1803468879687144
0.25406495232518805
0.15542522317822194
0.32687918257362314
0.4881854155953451
0.382613381888297
0.32962099447699017
0.1690266251216062
0.04841487374764062
0.13370115930686607
0.35092591810808155
0.3870012919875076
0.11395174417269806
0.15124152868838642
0.41562122178733846
0.0014142135623730178
0.2296170725359941
0.42801869118065383
0.06747592163134908
0.2090669749147388
0.3699999999999999
0.04327817001676498
0.47484313199202943
0.009055385138137327
0.19289893727027138
0.29395407804621443
0.4754545193811916
0.2210565538499142
0.015524174696260117
0.2527706470300698
0.060440052945046216
0.017000000000000015
0.4066017707782392
0.28308655920053855
0.4594268168054625
0.19305180651835405
0.38397525961967915
0.39562229461950194
0.02941088233970572
0.13729530217745958
0.1420035210831058
0.2357901609482465
0.21868927728629037
0.43649742267280345
0.20601456259206516
0.3856228727656076
0.22939267643061326
0.2374278837878986
0.4193447269252349
0.04172529209005024
0.07782673062643705
0.07003570517957233
0.028160255680657536
0.09883825170448968
0.3118092365533775
0.17332628190785168
0.22635591443565142
0.4851494615064515
0.015033296378373032
0.10807404868885047
0.28999999999999987
0.24707286374670973
0.07060453243241555
0.24782453470147012
0.26099999999999995
0.4384746286844884
0.25069702830308954
0.28353483031190374
0.27864852413031
0.13560235986147157
0.46353532767201233
0.09261749294814657
0.4273265730094489
0.4313351365237938
0.29101546350666646
0.06963476143421507
0.3062760193028505
0.23300214591286475
0.17951323071016267
0.3378431588770149
0.14340153416194687
0.4983623179976592
0.3255764119219944
0.20536065835500233
0.3384567919247594
0.35784354122996276
0.15147607071745695
0.38694314827891735
0.18909521411183303
0.12742448744256343
0.26960897611170115
0.38394270405882186
0.34984139263386194
0.3292066220476132
0.2471214276423637
0.2586522762320099
0.15570806016388514
0.4547625754171069
0.009999999999999964
0.2788781095747749
0.3269388321995417
0.3541539213392957
0.06931089380465365
0.24865437860612866
0.09278469701410899
0.40353686324795646
0.1008464178838294
0.2824535360019411
0.45778269954204226
0.1783619914667922
0.39404187594721446
0.061717096496837945
0.06774215821776004
0.16058953888718927
0.23493190502781897
0.17480560631741782
0.3081038785864276
0.3632753776407093
0.3494509979954269
0.14977316181479255
0.02915475947422643
0.1530032679389559
0.370449726683662
0.35840758920536275
0.42269255966955466
0.1736231551377868
0.44972213643537723
0.21789217516927958
0.4823712263392168
0.3428381542360769
0.3851869675884687
0.2821931962326518
0.2796926884993601
0.13462912017836254
0.46449111939842297
0.09360021367496986
0.4279684567815717
0.43291685113887635
0.2920017123237465
0.06860029154457013
0.3043221976787101
0.23401922997907673
0.17864489917151294
0.33881705978300447
0.14252368224263634
0.4979738948981161
0.32422985673746957
0.20402450833171973
0.3394259860411398
0.356775839989201
0.15042606157179003
0.3856475074468913
0.1885205559083675
0.12624579200908026
0.2706325922722537
0.3842980614054669
0.34919335617963865
0.32840219244091523
0.24822973230457324
0.25969982672308445
0.15443445211480503
0.4555172883656558
0.01204159457879239
0.27783808234293594
0.3274263275914141
0.35294475488382016
0.07009279563550022
0.24970382456021786
0.0940212741883455
0.40414477603947824
0.10208329931972217
0.2833460781447309
0.4590642656535138
0.17745985461506497
0.394818945847334
0.06122091146005578
0.06657326790837301
0.15983116091676247
0.2338076132207847
0.1758010238878037
0.30686316168611705
0.3622402517666967
0.35010427018247003
0.14869095466772678
0.02801785145224355
0.1540292180074936
0.3713812057711052
0.49382183021814663
0.3224484454916786
0.13582341477079718
0.4997689466143329
0.149164338901763
0.45173886261865925
0.4927413114403945
0.332231846757652
0.0919836942071799
0.23847222060441337
0.27765085989422034
0.17685304634074028
0.3772240713422196
0.14601369798755176
0.4798676900980102
0.2903308457604876
0.15692354826475205
0.37764136425979605
0.33472376670920756
0.1451654228802437
0.3523024269005255
0.1974360656009939
0.12060265337047935
0.31296804948748336
0.4179186523714873
0.32400771595750616
0.31884949427590437
0.29445712760943665
0.30331007236819557
0.1381918955655505
0.48315732427440233
0.10043903623591767
0.2602786967848119
0.3670217977177922
0.3245627828325361
0.1260158720161868
0.2937839342101607
0.15602884348735024
0.4270948372434394
0.16300306745579957
0.3204496840379155
0.1743932338137005
0.42446319039464425
0.10346496991735897
0.08688498144098315
0.16516960979550693
0.21523243250030902
0.22217335573826158
0.2786897917039661
0.34147474284344936
0.37612763791032416
0.1423376267892647
0.08261961026293944
0.2031797233977838
0.4074125673073916
0.16445364088398892
0.43466998976234833
0.06382005954243543
0.39837796123781744
0.4052567087661843
0.2622003051104251
0.09840731680114054
0.32866091948998133
0.2042473990042468
0.2084706214314143
0.30900647242412255
0.1723513852569801
0.47345960756964267
0.3533624201864144
0.19101832372837962
0.3096126612398143
0.3865242553837986
0.18020543831971325
0.47762432936357013
0.41493372964848274
0.21801376103356393
0.1558717421471896
0.24086510747719336
0.40959125967237137
0.32709937327974203
0.3581982691192127
0.2185863673699713
0.22996086623597511
0.18384776310850245
0.4257628447856858
0.031764760348537265
0.3076166445431718
0.3518096076004747
0.3824604554721964
0.0403112887414927
0.21996817951694747
0.0648845127900335
0.37462114195544277
0.07291776189653644
0.25351331325987586
0.42983950493178247
0.2072920644887305
0.365042463283383
0.09060905032059428
0.09626006440887114
0.18958902921846515
0.2634919353604586
0.14601369798755215
0.3363108680967656
0.4796602964599007
0.39202040763205154
0.3204949297570867
0.17844046626256052
0.05780138406647351
0.12427791436936807
0.3415523385954193
0.3452028389222778
0.22167769396130077
0.34890113212771323
0.022022715545545208
0.31445985435346113
0.3257560436891386
0.17640011337864836
0.1842009771961052
0.40481106704239195
0.1184609640345713
0.29410542327539635
0.22321514285549718
0.25800968974052113
0.4101828860398737
0.43834803524140503
0.18245547402037585
0.22382582514088942
0.47231451385702716
0.2660075186907317
0.3936203754888714
0.3026549190084309
0.24159884105682283
0.15508062419270807
0.48312006789203027
0.27586228448267447
0.44364400142456556
0.13309395177843372
0.14422205101855967
0.26935849717430493
0.34085187398634026
0.11531261856362479
0.3934183523934796
0.42360830964465274
0.46800213674725877
0.046141087980237354
0.13423859355639875
0.025999999999999936
0.29110994486619657
0.02022374841615672
0.16791962362987822
0.3453230371695463
0.2929846412356798
0.28001785657346934
0.17556765077883787
0.18204395073717783
0.2749727259202266
0.34924203641600776
0.06021627686929871
0.4217736359707658
0.4008241509689753
0.4778221426430548
0.23661994844053189
0.264236636369751
0.42667083331298833
0.14360013927569829
0.03858756276314942
0.2558280672639341
0.12477579893553087
0.22682372009999296
0.22539077177204903
0.07963039620647372
0.2857761361625568
0.027073972741361776
0.3945478424728745
0.12549501982150515
0.3586655824023265
0.3686353211508631
0.23954957733212595
0.12625371281669293
0.3675350323438571
0.3041134656670106
0.4009114615473096
0.3436859031150391
0.05768882040742364
0.26536390108679075
0.032802438933713436
0.04632493928760186
0.3718601887806762
0.2483102897586001
0.21550174013218573
0.49479288596341026
0.14940214188558362
0.037121422386541154
0.12349089035228468
0.20582759776084444
0.11543396380615221
0.07655716818169266
0.24194627502815547
0.3936419693071359
0.18806381895516208
0.2755104353740526
0.28400352110493304
0.3748172888221675
0.45113634302724964
0.046389654018972624
0.3265241185578791
0.15227934856703312
0.36591939003009955
0.3385409871788051
0.2454159734002658
0.06545991139621282
0.15890248582070687
0.09849365461794986
0.16385664466233874
0.053150729063673324
0.41276870036377544
0.11101801655587269
0.010049875621120889
0.4866795660390931
0.28938901153983027
0.3033710599249708
0.009055385138137412
0.4944855912966525
0.17265283084849786
0.4698020859894089
0.07516648189186474
0.24422940035958016
0.0998098191562333
0.0865563400335296
0.4970814822541675
0.11596551211459373
0.34383862493908407
0.27425717857514703
0.09633275663033837
0.25198412648418944
0.0821522975941635
0.24412496799794997
0.06103277807866875
0.1360147050873541
0.05700877125495691
0.40414353885717386
0.41046315303568986
0.1686712779343298
0.20834586628968668
0.04522167621838022
0.4926469323968232
0.20750903594783515
0.37216259887312686
0.1905911855254593
0.02720294101747073
0.3479425239892359
0.37674659918836684
0.15286922515666787
0.34172064614243025
0.35323929566230317
0.4446526734429919
0.2617250465660478
0.10781465577554833
0.25307113624433775
0.47055817918722875
0.04967896939349676
0.362663756115772
0.15467385040788234
0.32662210580424594
0.3710862433451286
0.20885641000457741
0.15532224567009056
0.3349104357884359
0.3286000608642671
0.37030933015520945
0.3106332242372023
0.0862148479091621
0.2548038461248182
0.06400781202322106
0.07521303078589504
0.3384627010469546
0.2744175650354765
0.18350476833041718
0.4623169908190702
0.48188899136626895
0.11524755962709161
0.06521502894272145
0.09143850392476899
0.22748186740925083
0.0835463942968219
0.1005683846941968
0.27668212808202813
0.3616199662629265
0.21357200191036274
0.243797046741752
0.25102390324429286
0.3432855953866986
0.4182594888343841
0.010049875621120672
0.4908869523627616
0.3431690545489204
0.17288724649319845
0.33318163214679175
0.3623492790112875
0.21250882334623183
0.030528675044947683
0.18760863519571785
0.08141252974819052
0.280529855808611
0.48921263270688325
0.028000000000000025
0.39069297408579035
0.1276244490683506
0.3545729826142989
0.33947753975778716
0.20587617637793854
0.12816005617976303
0.36216708851026197
0.2972036338943387
0.3995309750194593
0.33741517452539077
0.061684682053164394
0.2294275484766378
0.046010868281309625
0.052392747589719096
0.364671084677686
0.24400204917172316
0.21217445652104314
0.48948646559430026
0.1419929575718458
0.04341658669218497
0.12126417442921864
0.19530488985173927
0.11370136322841522
0.07140028011149527
0.2558300216940927
0.38950353015088324
0.18315294155431966
0.2723912627086264
0.27814564530116237
0.37172167007049783
0.4450000000000001
0.03858756276314923
0.30976926897289203
0.14066271716414408
0.3603026505592208
0.33060096793566707
0.23994165957582247
0.060000000000000005
0.15961516218705538
0.24291768153018428
0.36126029397098114
0.14241488686229417
0.4545877253072281
0.1480540441865739
0.1104355015382284
0.3410131962256006
0.1922004162326398
0.22022715545545254
0.29706059987820665
0.18413310403075264
0.46666904761297384
0.36585379593493367
0.1912694434560838
0.29767767803448075
0.39863893437545705
0.1922758435165478
0.46656725131539195
0.4273757129271622
0.22914187744713954
0.16811900546934
0.2288055943372013
0.41749371252750617
0.32197204847626143
0.3698026500716293
0.2063492185592183
0.21784857125994658
0.19622436138257668
0.41437422699777066
0.041868842830916755
0.31968109108922926
0.35923529893372114
0.3947910839925339
0.029410882339705447
0.2078509081048241
0.052325901807804664
0.3636880531444496
0.06037383539249418
0.2417705523838665
0.41735596317771695
0.21911184358678565
0.35359864253133105
0.10183319694480768
0.10845275469069482
0.20113676938839414
0.2756882297088508
0.13401492454200795
0.3486789354119346
0.46992127000168854
0.4040792001575927
0.30943335308269526
0.1905597019309172
0.4992654604516517
0.06989277502002603
0.11220071301021212
0.32970592957967854
0.49320685315595536
0.4470178967334529
0.4336865227327222
0.334282814395236
0.4199154676836759
0.2842692385749819
0.3259831283977743
0.06499999999999995
0.46669154695580256
0.05280151512977622
0.35951773252511504
0.15774663229368788
0.32345942558534296
0.3710215627156998
0.20530221625691267
0.1583824485225556
0.33165795633453454
0.33101359488697746
0.36734860827285015
0.3073190524520079
0.08940357934669031
0.25340284134160773
0.06753517601961222
0.0784920378127616
0.33508954027244736
0.27704331791256026
0.18040509970618923
0.4590697114818187
0.4800010416655364
0.11183022847155431
0.06850547423381577
0.08845903006477061
0.22965191050805558
0.0806225774829857
0.10327632836231135
0.28034443101299483
0.3584536232206338
0.21617816726024852
0.2407093683262037
0.24773574631045903
0.3401955320106367
0.41495662423920915
0.006082762530297997
0.48749358970144435
0.34469261668913054
0.1750257123967789
0.32991210950797195
0.3646710846776858
0.20924626639440896
0.027202941017471057
0.19059118552545903
0.3359315406448163
0.07872102641607297
0.44091949378542994
0.04512205669071414
0.23435016535091283
0.28547679415322
0.44157558809336345
0.2585884761546811
0.058215118311311806
0.29321834867552243
0.0841486779456457
0.04588027898781799
0.37236138360469084
0.288367820673528
0.4446403040661069
0.22584286572747891
0.3490573018860943
0.3611993909186447
0.07144928271158539
0.10324727599312215
0.17978042162593832
0.23541665191740369
0.2583118270617899
0.45370034163531336
0.17422973339817727
0.35121645747316554
0.1948255630044476
0.20272641663088672
0.3862900464676766
0.07839005038906431
0.49851078223043466
0.04360045871318319
0.04767598976424083
0.058180752831155765
0.1388416364063753
0.27815283568570726
0.21378493866500548
0.26332679316772917
0.45445791884397807
0.05803447251418791
0.07854934754662193
0.2562225595063789
0.47385757353871616
0.16237302731673145
0.3550352095215347
0.12625371281669293
0.3086097859757529
0.21324399170902794
0.3556472971920355
0.3406405730385033
0.1342721117730706
0.36989863476363366
0.17235138525697996
0.11027692415006848
0.2868117849740487
0.3703241823051797
0.3622278288591312
0.3121233730434168
0.2643198819612329
0.27585684693333257
0.1386542462386205
0.471793386982056
0.020099751242241788
0.2616734606336685
0.3140143308831621
0.33701780368401885
0.08637129152675674
0.2658589851782333
0.10993179703798192
0.4203641278701122
0.11799152511939148
0.29960640847618725
0.47486524404298097
0.1611986352299547
0.41109731208072875
0.04522167621837996
0.05060632371552003
0.14355835050598767
0.21774526401279098
0.19200260414900663
0.29099828178186893
0.34607080200444507
0.3663495598468763
0.13257450735341234
0.012083045973594279
0.17020575783445166
0.38762481860685855
0.4400511333924729
0.4076125611410913
0.2520178565102084
0.2676191323504358
0.21401401823245111
0.4383389099772002
0.3935708322525946
0.17650212463310466
0.26821073804007195
0.4278247304679801
0.22163257883262538
0.4359655949728146
0.4553559047602216
0.259670945621569
0.19704060495238007
0.19969226324522435
0.4473410332173876
0.2960827587010092
0.39990623901109595
0.17786792853125633
0.1889047378971742
0.2246619682990425
0.384037758560275
0.07262231062146123
0.3490057306119772
0.3887377007700693
0.42329304270209756
0.0014142135623730178
0.1789329483354032
0.029068883707497623
0.3330165161069344
0.036055512754639925
0.21192923347193043
0.3900012820491748
0.24892770034690787
0.32332182110089647
0.13227622613304307
0.13761177275218858
0.2313114783144148
0.3046850833237492
0.10484750831564905
0.3770437640380755
0.4392095172010733
0.43340166127969526
0.2788296971271174
0.219804458553506
0.4685776349763185
0.09935793878699345
0.0833546639366989
0.30004166377355
0.23129418496797516
0.43171286754045224
0.41253484701295234
0.1848350616089924
0.25050349298961894
0.44582619931986933
0.23947024867402614
0.42041527089295916
0.47419194425886235
0.27578614903580606
0.21523010941780404
0.18160396471443013
0.45792248252297013
0.2932882541118891
0.41683809806686317
0.1592231138999614
0.17065169205138306
0.2431871707142463
0.36772000217556844
0.08845903006477066
0.3668787265568828
0.3987003887632917
0.4418144406874902
0.02137755832643186
0.16065490966665183
0.0102956301409873
0.31781913095344033
0.016031219541881414
0.19474342094150446
0.3707424982383325
0.26628180561202436
0.3068876015742573
0.14873466307488628
0.15559562975867927
0.24816929705344293
0.3228374203836972
0.08683317338437006
0.39564757044622423
0.42658879497708324
0.4512781847153701
0.2633723599772763
0.23774145620820938
0.4533982796614914
0.11706835610018586
0.06500000000000006
0.2825774230188959
0.4160624953056932
0.42979646345683203
0.1813725447800742
0.23242202993692324
0.46371219522458096
0.25740629362935147
0.4019763674645565
0.4915628138905546
0.2941598205057921
0.23299785406737097
0.1636826197248809
0.47563115961845887
0.28011783234917415
0.43508389995493957
0.1416615685357185
0.15282015573869848
0.2607680962081059
0.34932220084042764
0.10679419459877022
0.3848168395483753
0.4162427176540149
0.45941266852362683
0.03758989225842494
0.1428355697996828
0.019235384061671308
0.2993877084985288
0.015524174696260037
0.1764794605612789
0.3537937252128703
0.2843976089913555
0.28849956672411153
0.16702694393420464
0.17344163283364233
0.2664132128855474
0.3406405730385035
0.06881860213634143
0.4131888188225814
0.4085413075810082
0.4692206304074872
0.24493468517137382
0.2556345047132721
0.4349643663566016
0.1349999999999997
0.04716990566028306
0.2644125564340696
0.32496307482543313
0.19349676999888152
0.24426420122482145
0.21428252378577217
0.3914920177985754
0.18681809334216004
0.12066896867049147
0.416183853603188
0.2436554944999192
0.45960526541805385
0.39049327779105214
0.09687620966986676
0.14761097520171046
0.10653168542738845
0.09885848471426227
0.41524571039325614
0.1999224849785538
0.27542694131112155
0.20494877408757528
0.09902019995940234
0.19335201059208035
0.1420211251891776
0.1872164522684905
0.08209750300709524
0.254159398803192
0.4450584231311659
0.14520674915443862
0.3331200984630016
0.3340733452402331
0.42949854481709243
0.49574287690293645
0.12233151678941931
0.23602754076590293
0.09560334722173705
0.4139178662488488
0.2733587386567329
0.2982918034408586
0.13926234236145815
0.14008925726121912
0.4308131845707604
0.08537564055396615
0.2540433033953069
0.4171450587026052
0.2795800422061632
0.07343023900274329
0.31052214091751995
0.11160645142642953
0.05124451190127577
0.34820970692960274
0.31993905669674033
0.4132069699315344
0.2505114767830009
0.32549347151671115
0.33720023724784065
0.08036168241145794
0.07877182237323174
0.2005243127403759
0.2667508200549719
0.2768862582361212
0.48442233639666127
0.1479898645178107
0.3272002444986862
0.1708917786202719
0.4817271011682859
0.17892177061498116
0.3611993909186446
0.09963934965664929
0.47270498199193967
0.02039607805437116
0.016124515496597085
0.08203657720797489
0.1571559734785798
0.25347583711273175
0.2312249986485027
0.2848613697923955
0.4278142120126444
0.07200694410957882
0.05020956084253289
0.2316311723408573
0.44917702523615327
0.4659667370102722
0.23482972554597953
0.3824042363782076
0.21371242359769352
0.39432093527988094
0.44189138937073663
0.43712698383879245
0.4198059075334696
0.18216750533506237
0.42090497739988775
0.4834976732105338
0.14916433890176298
0.20880613017821106
0.20308865059377426
0.22832433072276803
0.09047651629014013
0.24594308284641803
0.23476371099469354
0.1947973305771925
0.4077070026379238
0.34092961150360634
0.23841560351621283
0.3349776111921511
0.14937536610833804
0.3297893266920565
0.20728000385951367
0.3028696089078598
0.17880715869338126
0.4608882727950451
0.4575172127909506
0.4786491408119314
0.2700296280040395
0.14361754767437002
0.15586211855354715
0.21668871682669574
0.4255643312120975
0.28570089254323294
0.20365166338628318
0.09604165762834377
0.21497209121185937
0.43282328957670463
0.22733675461746158
0.11677756633874477
0.4468937233839831
0.24052650581588716
0.41986902719776803
0.4754461063043846
0.27652305509667713
0.21636312070221206
0.18060177186284723
0.4578318468608316
0.2943824043654784
0.4176996528607607
0.15809174551506483
0.16961426826773746
0.2443869881969989
0.3670435941410774
0.08927485648266274
0.36792526415020776
0.39853858031563266
0.4429954853043087
0.023194827009486534
0.15961516218705543
0.008062257748298652
0.31734523787194285
0.01399999999999979
0.19393297811357388
0.36941169445484506
0.26723959287500804
0.30619764858666043
0.14957606760441322
0.15670673246545616
0.24904015740438343
0.3239459831515127
0.08591274643497344
0.39685009764393425
0.4264985345813041
0.4523195772902162
0.26286498435508665
0.23881792227552778
0.45291169117168945
0.11815244390193529
0.06403124237432838
0.28168954542190583
0.2671516423307183
0.4660525721418132
0.03841874542459707
0.19876116320851012
0.2206014505845325
0.23085276693165283
0.2554310082977398
0.22141589825484534
0.4512205669071392
0.4664386347634595
0.2728094573140748
0.20240800379431623
0.3107281770293771
0.22043819995635952
0.42446319039464425
0.22605530296810122
0.3500057142390677
0.38000131578719576
0.38703229839381603
0.2269911892563233
0.2761322147088239
0.25519600310349666
0.24046829312822085
0.2022003956474862
0.4430812566561581
0.20056919005669832
0.48958451772906386
0.2580484450641002
0.2188058500132023
0.28168422036031776
0.42538688273147285
0.41011461812522615
0.4853586302931063
0.28644894833111173
0.22633824246026116
0.17060187572239624
0.4666240456727449
0.28891694308226373
0.42767861765582804
0.14811144452742345
0.15961516218705543
0.2543324595878396
0.35717362724590956
0.09924716620639618
0.3779219496139383
0.40718177758833946
0.45295143227502876
0.032280024783138066
0.14961617559608992
0.010049875621120833
0.30767515336796375
0.00848528137423838
0.18398369492974084
0.3595622338344224
0.2772381647609146
0.2963190847718048
0.15955249919697273
0.1666883319251832
0.2590231649872267
0.3339296333061804
0.07592759709091314
0.40679478856052237
0.417412266230881
0.4623169908190698
0.2531600284405103
0.24880916381837712
0.44322116375462023
0.1281405478371306
0.054037024344425096
0.27170756338387037
0.35858611239143084
0.18380968418448485
0.377809475794348
0.36595354896489246
0.27156214758320024
0.4704944207958263
0.3703970842217848
0.4667440412045986
0.24888752479784904
0.4619361427730028
0.3369169037017881
0.39223717314910345
0.28196453677723354
0.4771299613312921
0.3681100378962789
0.40399999999999997
0.1629294325774193
0.27520356102347204
0.24374166652421111
0.4193053779764815
0.3145313974788525
0.1079120011861517
0.04455333881989105
0.4063065345278117
0.33286633954186484
0.4276037885706814
0.21397429752192199
0.38549837872551435
0.3958850843363514
0.04011234224026319
0.1482969992953329
0.15476756766196215
0.2892905114240701
0.22032022149589442
0.47440067453577683
0.20693960471596531
0.38601165785504465
0.23443762496664242
0.24239224410034232
0.416403650320215
0.07902531240052146
0.10084145972763395
0.08200609733428348
0.07940403012442131
0.10993179703798184
0.312155410012385
0.1740919297382852
0.2360275407659028
0.4768060402301966
0.052497618993626795
0.11655899793666746
0.29119409334668855
0.4272750870341028
0.40112466889983234
0.37669749136409186
0.18585209172887987
0.2114734025829251
0.4423053244083774
0.29674399741191065
0.3896934692806642
0.1901183841715473
0.20083077453418344
0.2130844902849573
0.3942549936272209
0.06488451279003345
0.33796005681145236
0.3842460149435515
0.4115883866194477
0.013038404810405198
0.19089525923919645
0.04304648650006192
0.34242663447810245
0.05003998401278704
0.22300224214119446
0.4026474885057646
0.23847222060441345
0.3336779884859054
0.12306502346320822
0.12681088281373973
0.2213526597987927
0.2934024539774678
0.11684605256490298
0.36527523868995015
0.44660609041973426
0.4223091284829158
0.28850303291300067
0.20883007446246818
0.4778671363464952
0.0891066776397817
0.09570788891204307
0.3112185727105629
0.14743473132203255
0.4861213840184363
0.2793295544692685
0.45069390943299864
0.12480785231707184
0.13640014662748717
0.27765626231007307
0.33473123547108646
0.12228654872879538
0.4011795109424211
0.4263296846338524
0.4762740807560285
0.05515432893255086
0.12640015822774905
0.03041381265149105
0.2860069929215018
0.022803508501982917
0.16122654868228103
0.33630492116530175
0.3004080558174166
0.2738558014722346
0.18258422713914801
0.1899921050991332
0.28207268566807403
0.35722961803299597
0.053037722424704684
0.43011858829862276
0.39757389250301617
0.4855687386972105
0.23140008643040724
0.2720918962409576
0.42143208230983054
0.15143315356948744
0.031112698372207963
0.24872675770813227
0.3716019375622253
0.4013290420590067
0.33464608170423876
0.34979422522391646
0.22659655778497612
0.23807561823924767
0.17600568172647174
0.4342211418160105
0.02325940669922613
0.2994561737550257
0.34368008379887244
0.3745530670011928
0.0487954915950233
0.22807893370497853
0.07247068372797383
0.38317228501028094
0.08052949770115274
0.26184155514356366
0.4375294275817339
0.19897738564972664
0.3734836007109281
0.08207313811473275
0.08820430828479998
0.18115739013355228
0.25544079548889626
0.15420116731075698
0.32845243186799533
0.4882499359958994
0.3838567441116541
0.3290243152108973
0.1703202865192518
0.04964876634922553
0.1324122350842246
0.34983424646537953
0.44766505336020995
0.15917600321656517
0.23276812496559743
0.499684900712439
0.40709949643791016
0.12306502346320833
0.48764946426711064
0.17740913167027228
0.3976832910746943
0.4098902292077721
0.05531726674375752
0.15202960238058885
0.13413426109685803
0.20209403751719143
0.21380364823828427
0.4085449791638615
0.22292823957498062
0.3999124904275934
0.24357750306627257
0.25146172671005007
0.4350781538988137
0.037121422386541314
0.09209777413162601
0.09170605214488292
0.017088007490635285
0.09674709297958291
0.32693118541980687
0.17083617883809063
0.21645322820415488
0.039408120990476164
0.12640015822774917
0.3049999999999999
0.4531589125240726
0.24144771690782246
0.48047684647649785
0.24961169844380304
0.4450404475999906
0.0036055512754641617
0.012206555615733777
0.40227478171021364
0.21424518664371434
0.2470020242832031
0.17904747973652133
0.004123105625617638
0.15480633061990698
0.17201162751395618
0.1468196172178637
0.043011626335213035
0.21374049686477276
0.42520230479149573
0.15393829932801004
0.3072344381738479
0.31479675983084715
0.40669521757699595
0.48203838021468803
0.07294518489934719
0.2937362762751648
0.1189033220730186
0.3969307244343778
0.3044158340165635
0.2762607463973119
0.0943398113205661
0.1252557383915004
0.20686710710018644
0.45681068288734233
0.058309518948452994
0.4958316246469158
0.22327113561766093
0.3263081365825866
0.33800147928670365
0.07940403012442154
0.0796115569499803
0.1996922632452247
0.26667770810474584
0.27600181158825754
0.48401859468413
0.14873466307488628
0.32800152438670155
0.17171196813268433
0.4824147593098701
0.17974426277353028
0.36196408661633794
0.09885848471426231
0.4734395420748038
0.02137755832643186
0.01627882059609966
0.0813449445263812
0.15628499608087817
0.25426167623139767
0.23032585612562068
0.28403696942475637
0.4285160440403601
0.07111961754677834
0.05091168824543146
0.23242202993692293
0.44995221968560156
0.41800119617053727
0.426
0.3426032691029087
0.47843599362924166
0.2242164133153504
0.26098658969380023
0.15264337522473762
0.4557477372406801
0.019104973174542822
0.2768104044287355
0.3311464932624231
0.3512833614050059
0.07080254232723558
0.25100199202396783
0.09617692030835687
0.4038972641650349
0.10421612159354218
0.2840862545073237
0.461139892006753
0.1769802248840249
0.39513541982464695
0.06243396511515186
0.06543699259593169
0.15986244086714066
0.23249946236497
0.17696327302578943
0.30509834480049225
0.36120354372569474
0.35001857093588606
0.14761097520171057
0.02765863337187854
0.15532224567009056
0.37222842449227317
0.4479341469457313
0.3698715993422583
0.23312228550698416
0.16361540269791244
0.445659062513038
0.01711724276862368
0.28740563668793995
0.33664818431115884
0.3622181663031273
0.06030754513325829
0.24020824298928628
0.08497058314499209
0.3941941146186736
0.09302150289046054
0.2736293112954091
0.4500044444224965
0.18721111078138508
0.3849805189876495
0.0712179752590594
0.07602631123499304
0.16971151993898367
0.24324884377936953
0.16623477373883022
0.3160775221365798
0.4981284974783111
0.3718090907979522
0.34017789463749687
0.15821820375671072
0.0376430604494373
0.14451643505151918
0.36170706379610545
0.23093072554339764
0.19006577808748246
0.3630495833904785
0.09440338976964766
0.37360540681312426
0.3993356983791957
0.44916923314047225
0.03200000000000003
0.15430165261590698
0.002236067977499593
0.31420057288299147
0.00583095189484521
0.18950461735799462
0.36282364862285355
0.2726187814513153
0.3021737910540887
0.15462535367784924
0.16275441622272505
0.25409643838511403
0.32987421845303416
0.0813203541556482
0.4031128874149275
0.4249058719293014
0.4579617887990217
0.25961509971494334
0.24466303357883876
0.44966765505203943
0.12416923934694914
0.05941380311005177
0.27687722911066553
0.20793508602446123
0.4864236836339286
0.13895682782792665
0.04159326868617078
0.11604309544302925
0.2028915966717202
0.10820813278122882
0.07574298647399615
0.25459379411132516
0.3859144983024091
0.1887326150934172
0.26824242766572187
0.2750454507895016
0.36772272162595576
0.44222166387457806
0.03280243893371327
0.3196404229755678
0.14835430563350685
0.35724081513735256
0.3376062795624511
0.23660304309116562
0.05467174773134677
0.16302760502442507
0.18056854654119583
0.005830951894845364
0.15738487856207772
0.1654841382127
0.14948244044034079
0.03623534186398676
0.21440615662802207
0.42747865443785615
0.14880860190190626
0.3097256850827841
0.31666070169820576
0.4092138805074922
0.48383881613611796
0.07440430095095277
0.2861223514512628
0.11178998166204335
0.3988546101024783
0.2988143236191999
0.2782103520719527
0.09621330469327
0.12169634341261033
0.3043846251044884
0.3252199255888235
0.09841239759298623
0.27783808234293594
0.12179490958164076
0.43234823927015137
0.12984991336154206
0.3116424232995244
0.4866148374227813
0.14916433890176295
0.42313591197155564
0.0336154726279431
0.03891015291668752
0.1315294643796591
0.20585431741889712
0.20400980368599972
0.2792507833471556
0.3340957946457869
0.37835565279244865
0.12065239326262861
0.0036055512754639618
0.18220043907740727
0.39965234892341117
0.31630365157550744
0.24643457549621575
0.45959656221516726
0.178103902259327
0.3576143173867622
0.20137527157026996
0.20941107898103162
0.391414102965133
0.06942621983083935
0.05015974481593765
0.04252058325093835
0.053009433122794526
0.12665701717631006
0.2838203657245196
0.20087060511682672
0.2543737407831241
0.4575117484830305
0.04162931659299754
0.08015609770940697
0.262001908389996
0.4794538559653053
0.46554269406790183
0.1735108065798783
0.35327751131369795
0.19720294115453757
0.20525106577067972
0.3868462226776937
0.07424957912338642
0.4979407595286812
0.04712748667179265
0.03748332962798242
0.0585234995535983
0.1305105359731546
0.2794011453090343
0.2043771024356694
0.2586522762320099
0.45260357930533407
0.04527692569068722
0.07560423268574326
0.2576198750096737
0.4749368379058418
0.4472516070401536
0.3946897515771089
0.44864685444121855
0.4969064298235634
0.32834280866192256
0.4460246629952204
0.45518567640030144
0.46844957039152035
0.4191145428161615
0.43679056766372587
0.4729450285181143
0.32421135081918373
0.499460709165396
0.4828923275431078
0.28347839423843235
0.4283853405521717
0.2719007171744865
0.27987318556803537
0.4628358240240268
0.010295630140986858
0.1194738465104394
0.4817893730666961
0.11486513831445982
0.019999999999999952
0.06428063471995286
0.35491970923013033
0.13829316685939333
0.18532134253776572
0.03905124837953322
0.15202960238058924
0.3330240231574893
0.0948472456110349
0.4024835400361111
0.10288342918079624
0.2826817999093677
0.4597912569851667
0.17839282496782233
0.3937232530598109
0.06381222453417534
0.06684309986827396
0.16127616066858763
0.23389313799254607
0.1755733464965569
0.3064718584144394
0.3626044677055152
0.3486043602710669
0.1490134222142424
0.029068883707497283
0.15393829932800965
0.3708261047984618
0.4276879703709237
0.08947066558375426
0.3111398399433926
0.13800362314084375
0.2583215051055563
0.43923569982413757
0.027658633371878686
0.09992497185388655
0.08987213138676517
0.028301943396169777
0.07738862965578358
0.33212196554880286
0.15116877984557534
0.2060218435020906
0.00824621125123533
0.12841339493993628
0.31040940707394804
0.30784574059096514
0.063513778032802
0.12244182292011144
0.29382477771624327
0.3418844834150859
0.23551008470976342
0.2238057193192347
0.23204525420701919
0.3232104577516021
0.3992054608844928
0.0200249843945008
0.4723430956412937
0.36601229487545883
0.19550959055759878
0.3140000000000002
0.38472457680787664
0.19345800577903208
0.017720045146669687
0.20859769893265817
0.0667083203206318
0.14368368035375464
0.04640043103248077
0.4096352035653185
0.41510601055633983
0.17472549899771328
0.19293781381574734
0.02831960451701269
0.4971699910493392
0.19672569735548012
0.3770411118167353
0.19662146373170966
0.028999999999999915
0.41950566146358503
0.10530432089900203
0.2558906016249917
0.2444688119167758
0.42210069888594104
0.21219095173922947
0.3628622328101948
0.09404786015641178
0.1038701111966288
0.19340372281835747
0.2701499583564656
0.1421442928857859
0.34395639258487415
0.48249870466147354
0.3977247792129626
0.319715498529552
0.1849378273907207
0.06578753681359392
0.12021647141718969
0.33775286823356504
0.4697073557013986
0.29011894112587694
0.3631597444651597
0.3803800730848032
0.44853650910488907
0.22105429197371393
0.44517973898190843
0.2840915345447662
0.4508569617960891
0.4225363889654949
0.3470129680573912
0.22689645215384074
0.2532923212416832
0.3217965195585557
0.13364505228402596
0.13961733416735936
0.2328797973204205
0.3068044980113562
0.10264989040422799
0.37938107491017553
0.43887697592833436
0.4354090031223516
0.2776220452341634
0.2218152384305463
0.4674879677595988
0.10121264743103998
0.08099382692526605
0.29813587506370287
0.20678733036624863
0.21411445537375598
0.3062760193028507
0.38135678832295655
0.029068883707497363
0.4541365433435194
0.37582575749940267
0.20808652046684792
0.29624314338056856
0.398001256279424
0.17557334649655681
0.007615773105863784
0.22455511572885595
0.37889312477267256
0.40124431460146553
0.2572566811571665
0.3499271352724736
0.4244443426410583
0.014999999999999625
0.49684001449158666
0.3350059700960566
0.16505150711217392
0.3394495544259853
0.3546730889142845
0.2188058500132021
0.03687817782917154
0.18081205712009363
0.4511341263970173
0.3968689960175776
0.43960550497008116
0.4862303980624823
0.25682678987987234
0.3724741601775887
0.26726952688250877
0.4779089871513196
0.34337297505773523
0.2343032223423313
0.14653668482670135
0.3417382038929801
0.41660652899348577
0.008062257748298109
0.4891891249813307
0.3439258641044607
0.17394826817189069
0.3315448687583627
0.3635065336414188
0.21087437018281735
0.02884441020371191
0.1890952141118331
0.3238672567580738
0.08575546629807375
0.3961376023555452
0.42123627574082445
0.452603579305334
0.2598557292037256
0.23900836805434236
0.44969767622259277
0.11856221995222571
0.06441273166075162
0.2808344708186657
0.37326800023575557
0.43300461891300873
0.34975562897543155
0.1600781059358212
0.3232460363252739
0.4952342879890281
0.37816001903955965
0.33552943239006583
0.16475436261295212
0.04429446918070034
0.1382244551445217
0.355815963666612
0.43112527181783256
0.4259448321085725
0.49822986662784463
0.15263354808167198
0.3211759642314475
0.14627713423498562
0.32572534442379525
0.2343672332046442
0.28887540566825676
0.4228522200485649
0.07547184905645289
0.04545327270945417
0.22740712389896658
0.44478421734589446
0.1626929623554749
0.3034534560686366
0.4094642841567501
0.09042676594902657
0.03201562118716427
0.2130375553746332
0.430601904315343
0.07731752712031084
0.4536099646171808
0.25178760890877844
0.3329384327469568
0.1509039429571011
0.06940461079784248
0.46034009167136425
0.25741989045137914
0.44062001770232795
0.13730622709840937
0.050249378105604384
0.26590599842801577
0.44151217423758515
0.12903487900563937
0.05300943312279406
0.2705420484878458
0.3192506851989513
0.14008925726121904
0.08377350416450294
0.06824221567329129
0.14996666296213967
0.46729861972832737
