0.06072890580275611
0.4521338297451319
0.44675048964718544
0.2709686328710392
0.3424762765506539
0.298397386047532
0.44592039648349796
0.27770487932335663
0.052773099207835066
0.2073282421668597
0.35080051311250954
0.4861460685843298
0.3267414880299106
0.33021962388689174
0.38940082177622604
0.0924553946506095
0.2049804868761899
0.20321417273408823
0.26639069052802855
0.4899234634103578
0.08363013810822022
0.028442925306656246
0.38884572776359544
0.23224555969921168
0.3696065475610522
0.13159027319676764
0.16668833192518268
0.39826875348186713
0.016278820596099496
0.2122003770024929
0.41060077934655725
0.050000000000000044
0.21663333076883584
0.3526145204043647
0.06095900261651259
0.4574111935665766
0.025553864678361033
0.20856893344887184
0.27853904573685895
0.4580174669158374
0.2382540660723335
0.031906112267087325
0.2689721175140649
0.0766941979552558
0.012649110640673108
0.389224870736699
0.296609170458366
0.44300112866673386
0.21073680267100922
0.3666987864719493
0.3782723886302042
0.040199502484483375
0.12022063050907708
0.15926079241294752
0.2475843290678956
0.23529555881911546
0.45283219850182904
0.18850198937942292
0.3682743542523702
0.2121744565210435
0.22022034420098444
0.40183703164342643
0.059413803110051615
0.061465437442517604
0.052402290026295734
0.04472135954999574
0.11560276813294731
0.2944010869545157
0.18964440408300987
0.24365549449991844
0.4674879677595993
0.03041381265149083
0.09060353193998609
0.27261878145131546
0.48993264843241485
0.059363288318623156
0.42265470540383204
0.1600312469488379
0.40691153829794524
0.19329769786523576
0.2826393461639762
0.30524088847990205
0.06356099432828265
0.0980051019080131
0.03982461550347989
0.46135127614432814
0.4915384013482569
0.06888396039717803
0.34626290589666125
0.2528576674732248
0.11806777714516364
0.22111083193728875
0.24407375934335893
0.08044874144447493
0.28022312538404137
0.49252106553933317
0.023409399821439063
0.39014484489737933
0.12720062892926265
0.3540536682481909
0.3478289809662214
0.214114455373756
0.12780062597655759
0.36200138121283465
0.2998032688280767
0.3983277544937083
0.33746851705010944
0.05953990258641645
0.2392592735924776
0.04060788100849393
0.049244289008980466
0.3650054794109263
0.24581497106563696
0.2111918559035838
0.48940065386143516
0.14182383438618507
0.0395600808897049
0.11950313803411187
0.19864541273334244
0.11173182178770759
0.07212489168102759
0.2528102054902053
0.3890308471059848
0.18494593804677079
0.27149401466699047
0.2780017985553333
0.37095147930693056
0.4451123453691217
0.0360693775937427
0.31496825236839326
0.14406248644251549
0.36020272070044124
0.33351611655210883
0.23961636004246448
0.058000000000000176
0.15979048782702912
0.2459857719462653
0.4390558051090998
0.18507566020414482
0.4818059775469789
0.10191172650877815
0.4654728778350034
0.13416407864998747
0.22987170334775878
0.364197748482881
0.021633307652783908
0.15729272074701997
0.019849433241278937
0.01100000000000012
0.40540596936897705
0.19384787850270635
0.17720045146669347
0.16772000476985444
0.19573451407454942
0.021260291625469316
0.339400942838997
0.03687817782917154
0.449160327722741
0.06811754546370563
0.41309805131469685
0.3235753389861471
0.2550000000000002
0.0687677249878168
0.4212137224735205
0.24496938584239472
0.4568336677610351
0.39675811270848627
0.003605551275463823
0.2403601464469516
0.026925824035672462
0.012999999999999918
0.4243500913161208
0.18940168953839878
0.2700407376674861
0.2011218536111877
0.022203603311174425
0.1779915728342214
0.14707821048680192
0.17008233300375447
0.019026297590440402
0.19520502042724192
0.4480903926664797
0.12896898852049674
0.3303407331831785
0.3372432356623333
0.42982903578050663
0.09499999999999967
0.26946799438894403
0.09437160589923221
0.41944010299445617
0.2793725111745963
0.29880428377116663
0.1168246549320819
0.1011385188738692
0.11576268828944854
0.39491011635560824
0.2624290380274252
0.474688318794554
0.4138236339311712
0.31628468189275294
0.27242613677839356
0.2741039948632636
0.3014796842243273
0.2125511703096458
0.2674060582709374
0.4095424275945048
0.43560073461829674
0.45717064647678307
0.34615747861341956
0.49529183316505404
0.23194827009486363
0.11301769772916094
0.11094142598686922
0.18800000000000017
0.038910152916687375
0.1181905241548578
0.4809833676958071
0.32469370181757445
0.4620010822498149
0.040000000000000036
0.08502352615599987
0.4906179776567508
0.07640026177965621
0.3046128690649822
0.14243595051811864
0.17886866690396058
0.44499999999999995
0.034176014981269945
0.06911584478250991
0.12403628501370094
0.3554208772708772
0.14629080627298488
0.06087692502089775
0.18093645293306732
0.04492215489043252
0.08627861844049205
0.4816014950142906
0.24382985871299687
0.11947384651043921
0.4589466199897327
0.47061874165825573
0.06276941930590081
0.2121909517392293
0.06723094525588665
0.20890667772955457
0.1456021977856103
0.37619808611953354
0.2809572921281808
0.46061914853813885
0.3043451987464236
0.3123731742643723
0.49429242357131054
0.03443835071544506
0.15232202729743327
0.46201839790207494
0.14481022063376592
0.055027265968790255
0.028000000000000247
0.386807445636715
0.10186756107809804
0.1514331535694874
0.06293647591023824
0.18304371062672453
0.3649999999999999
0.00640312423743301
0.10791200118615181
0.13822083779228067
0.2311925604339379
0.43701830625272425
0.07749193506423742
0.061188234163113364
0.18915602025840988
0.41709711099455
0.2549450921276969
0.17756407294269858
0.14676852523616885
0.18213182039391135
0.04939635614091404
0.45053856660667774
0.033286633954186504
0.1731040149736568
0.07616429609731874
0.14705441169852754
0.19760819821049938
0.23430749027719977
0.04134005321718881
0.1708361788380902
0.32506614711470627
0.045793012567421
0.2275016483456768
0.039458839313897626
0.308162294903189
0.39320732444856604
0.4171390655404982
0.42517996189848817
0.1473533168951414
0.26532432983049253
0.3789036816923268
0.257031126519727
0.16726326554267656
0.09013878188659949
0.499288493758869
0.03405877273185285
0.038948684188300775
0.17483706700811463
0.29550296106807467
0.47754580932094864
0.14239382009062054
0.3114819416916493
0.45755109004350525
0.11428035701729351
0.13473678042761728
0.22910477952238362
0.4354055580720116
0.07432361670424804
0.06438167441127954
0.18727786842016322
0.4154094365803453
0.25321137415211
0.18263077506269318
0.1444022160494773
0.1800138883530934
0.05547071299343498
0.4514864339047186
0.03584689665786993
0.17140011668607458
0.08149846624323717
0.14361754767437027
0.19616319736382765
0.22803727765433435
0.03535533905932726
0.16979988221432882
0.32313000479683074
0.04404543109109025
0.22111083193728864
0.04512205669071395
0.3040411156406317
0.39161843674679037
0.41527099585692234
0.42330249231489275
0.145113748487178
0.2632299375071156
0.37596941364956804
0.2554094751570503
0.16473008225579175
0.08910667763978161
0.4976102892826878
0.03863935817272352
0.04049691346263309
0.17321951391226095
0.29380435667293986
0.47583295388192676
0.2236470433517958
0.2948101083748659
0.4864668539582117
0.16709278859364352
0.10301941564579001
0.25321334877924595
0.4681078935459219
0.45650848842053304
0.31264036847470594
0.1258014308344703
0.22032702966272655
0.24960969532452074
0.06694027188471817
0.45967379738244807
0.0987167665596884
0.2365797962633328
0.05508175741568156
0.23136551169091762
0.25563254878829517
0.33871079108879915
0.14634889818512486
0.22653035116734357
0.3823205461389696
0.13437261625792646
0.3353356527421444
0.07353910524340117
0.37968012852926614
0.44342417615642027
0.4707377189051248
0.4787243465711766
0.21951309755912068
0.32718496297965793
0.43041956275243815
0.3131293662370235
0.24067405344157894
0.15999999999999992
0.09217917335276982
0.10440306508910555
0.23711811402758762
0.350703578538914
0.05316013544000821
0.13462912017836262
0.4652074805933368
0.10907795377618701
0.25773823930491957
0.1216552506059641
0.09481033698917002
0.09381364506296518
0.2779964028544254
0.0744311762637136
0.1607046981267194
0.08080841540334764
0.43996022547498553
0.13860014430006914
0.035355339059327355
0.2793725111745963
0.32301238366353713
0.03448187929913331
0.14583552379307327
0.49685510966477925
0.10282509421342641
0.2500499950009997
0.12744018204632307
0.11421471008587278
0.08868483523128408
0.37121422386541175
0.3014232904073605
0.12398790263570059
0.27945840477609524
0.06236986451805068
0.2716210595664482
0.08809086218218104
0.11951987282456408
0.03214031735997644
0.4315101389307091
0.4375991316261951
0.1960841656024266
0.18709623192357455
0.04681879964287854
0.18083417818543038
0.39936199118093324
0.21801376103356412
0.006403124237432854
0.31701419526576413
0.4905150354474366
0.005385164807134509
0.4898418112003098
0.18096684779262748
0.34188448341508565
0.4205615293866047
0.2254994456755935
0.3721505071876164
0.1389748178628058
0.44619838637090575
0.25280031645549816
0.2098237355496273
0.36531766998052534
0.10307764064044168
0.46305615210252854
0.3097159989409653
0.44562428120559167
0.06087692502089764
0.12149485585818015
0.47377631853016894
0.06815423684555501
0.2892282835408737
0.4867329863487783
0.13020752666416785
0.2168132837258824
0.4285988800731985
0.02915475947422654
0.05818075283115558
0.1580031645252716
0.3603026505592208
0.17053152201279378
0.05885575587824881
0.21109239683134035
0.008944271909999415
0.0828613299434665
0.46500107526757384
0.22173181999884456
0.13370115930686602
0.44159936594157395
0.45381934731785084
0.07106335201775954
0.19588006534611932
0.0945409963983881
0.18027756377319942
0.17454512310574574
0.369709345297086
0.26665520808714765
0.44384231434147886
0.2875065216651617
0.29539295861614573
0.4789874737401803
0.032249030993194226
0.13579396157414375
0.4606354306824433
0.13370115930686616
0.038910152916687424
0.06525335240430197
0.3708503741402997
0.13418271125595885
0.17438463235044513
0.06181423784210242
0.16964963896218604
0.348919761549844
0.16961426826773743
0.32481533215043884
0.498627115187291
0.29747268782192443
0.24239636960977776
0.3015244600359978
0.1458800877433243
0.49614514005480287
0.13322161986704717
0.2906905571221743
0.15347312468311816
0.12442266674525183
0.07026378868236466
0.3101612483854165
0.09884331034521263
0.11345483682946259
0.11371895180663608
0.4720519039258292
0.17017637908946126
0.06985699678629198
0.3204075529696514
0.37259227045122695
0.06963476143421479
0.14741099009232658
0.13376471881628604
0.3026763948510027
0.1553222456700906
0.14425324953012322
0.09226592003551477
0.4019975124301146
0.334439830163813
0.15418495387034364
0.3098402814354517
0.09935793878699381
0.3018078859142022
0.12586500705120568
0.06711929677819907
0.0671788657242738
0.46208765402248086
0.4701201973963682
0.22826519664635667
0.20988806540630187
0.09992997548283516
0.18146349495146397
0.4315599610714598
0.24973586046060758
0.048052055106936005
0.10176934705499505
0.29608275870100903
0.18785632808079705
0.44409120684832293
0.21618741869035762
0.1517926216915698
0.3640013736237819
0.3779219496139381
0.4303591523367431
0.43262917146211943
0.2769205662279348
0.4822032766375608
0.42778733034067284
0.24123225323326894
0.3759175441503097
0.24836465126905624
0.22510886255321
0.09266067126888297
0.39653120936440805
0.06216912416947824
0.2479132912935488
0.2102974084481309
0.26431988196123274
0.16918924315688633
0.20924626639440902
0.39280020366593527
0.16823792675850474
0.027073972741361904
0.23166354913969536
0.26201145013147814
0.2567021620477708
0.24283739415501884
0.05375872022286239
0.48922898524106284
0.4180442560303873
0.25182930726982505
0.4002024487681203
0.08405355435673141
0.39282693390346857
0.212614674940372
0.17055790805471308
0.10309219175087894
0.4336646169564679
0.31787418894902403
0.07021395872616808
0.13869751259485522
0.05240229002629541
0.3393302226445502
0.13851353724455961
0.2698629281690986
0.4995858284619374
0.47305073723650365
0.3629269899029278
0.20753072061745442
0.3443631803779261
0.15620819440733588
0.19479733057719253
0.37283910739084214
0.04254409477236543
0.1872111107813849
0.3854400083021999
0.027730849247723927
0.24263758983306777
0.3273408010010361
0.08500000000000026
0.4322961947554013
0.04909175083453439
0.23657979626333298
0.2689107658685311
0.4329260906898542
0.2644730610100016
0.059236812878479664
0.2966226559115136
0.09499999999999993
0.04001249804748515
0.3638969634388281
0.3046473370965189
0.429219058290752
0.2344376249666423
0.3410058650522011
0.3528413241104278
0.06859300255857036
0.09420191080864525
0.18539956850003753
0.2522399651125888
0.26252809373474684
0.4679850424960183
0.16410362579784746
0.3428425294504752
0.18640010729610648
0.4980923609131141
0.1944016460835656
0.3771392315843047
0.08405355435673156
0.48883637344207514
0.03413209633175196
0.03195309061734083
0.06579513659838415
0.1426639407839279
0.26926752496355755
0.21718655575334334
0.2696015578590004
0.4441193533274584
0.05818934610390478
0.06660330322138691
0.24738633753705944
0.4650301065522531
0.15831929762350516
0.02745906043549166
0.0180277563773199
0.40466529379228955
0.19731446981911893
0.17736967046256805
0.1792037946026813
0.18217573932881398
0.03224903099319417
0.3389409978152542
0.040447496832313405
0.4479028912610412
0.07378346698278684
0.4119927183822548
0.3439258641044607
0.27008332047721884
0.07462573282722251
0.4207433897282285
0.25453094114468683
0.45431817044886047
0.3967581127084863
0.018027756377320087
0.2618415551435639
0.02308679276123022
0.01802775637731986
0.42480230696172083
0.19773972792537162
0.2687936011143124
0.2018365675490941
0.02499999999999991
0.17667201249773534
0.16016241756417138
0.16862977198585083
0.03860051813123752
0.19000263156072322
0.4469776280755
0.1386542462386205
0.32886623420472944
0.3370830758136636
0.42820672577623076
0.09625487000666477
0.28460674623065413
0.10977249200050072
0.41909664756473536
0.28935272592460565
0.29850293130888994
0.1171836166023221
0.10707474025184459
0.13756816492197635
0.36349690507623306
0.39395558125250607
0.1664331697709325
0.2483163305141246
0.35082759298550054
0.02061552812808825
0.3155265440497836
0.32927951652053905
0.17844046626256058
0.18225805880673715
0.40132281270817377
0.12065239326262867
0.2923183196448694
0.2252043516453446
0.25620499604808633
0.40871750635371623
0.4358589221296268
0.17824140933015553
0.22580079716422619
0.4702435539164784
0.2640075756488816
0.3947264875834913
0.4976946855251722
0.30123080851732253
0.23947024867402616
0.15725775020646823
0.4832442446630895
0.27343737857140166
0.44196832465686936
0.1355949851580067
0.14649232061784004
0.26709174453734064
0.342239682094289
0.11384638773364754
0.3914000510986171
0.4238584669438608
0.46571450482028137
0.043829214001622256
0.1365283853270082
0.02668332812825259
0.29206334929258077
0.022022715545545198
0.16964963896218574
0.34809768743845443
0.29115631540462933
0.28144271175498586
0.17399999999999988
0.18000000000000005
0.27330934854117234
0.34711669507530185
0.06243396511515223
0.4194532155079992
0.40095885075653326
0.4758003783100637
0.23764890069175576
0.262200305110425
0.4276493891028022
0.1416509795236162
0.04114608122288193
0.2576897359228729
0.4691620189231008
0.3108456208473909
0.4865316022623813
0.020808652046684407
0.2502039168358478
0.029068883707497068
0.3856008298746259
0.2136937060374027
0.15741029191256864
0.18630083198955372
0.20940391591371887
0.04110960958218868
0.3196075718752613
0.01702938636592667
0.42933087473416154
0.08796590248499675
0.39327344176793855
0.33326415948913557
0.2426375898330682
0.08861715409558105
0.40142869852565366
0.26403787607083945
0.43698626980718747
0.37701060993027785
0.01972308292331556
0.24122396232547066
0.013000000000000018
0.010049875621120677
0.40465417333817316
0.2088276801575881
0.25019992006393643
0.181394597493972
0.005385164807134427
0.15814234094637664
0.16505150711217378
0.150233152133609
0.03577708763999637
0.21345959805077822
0.4282674398083518
0.14821943192442735
0.310497987111028
0.317472833483434
0.40998658514639263
0.48465761110293154
0.07521303078589502
0.2858478616327222
0.11142710621747279
0.39966485960114156
0.2982834222681506
0.27901612856607416
0.09700515450222251
0.12096693763173444
0.4844894219691488
0.1767766952966369
0.33773658374537985
0.419505661463585
0.22729936207565551
0.3718453979814731
0.3426499671676623
0.32209936355106317
0.06983552104767311
0.11536463929644995
0.34328559538669845
0.18137254478007397
0.18541305239923106
0.4835297302131483
0.07121797525905932
0.10729864864013906
0.10028459502834941
0.39418269875782214
0.11016805344563364
0.10044899203078157
0.15047258886587972
0.0696419413859208
0.1260634760745555
0.21992044015961773
0.07951100552753679
0.4972001609010199
0.10262553288533996
0.25040966435024015
0.03405877273185305
0.1934373283521047
0.11377170122662301
0.33988968798714675
0.3198640336142843
0.4990490957811667
0.3426047285137788
0.3506009127198615
0.07234638899074368
0.19020515240129546
0.42359060423951805
0.1839836949297409
0.09097252332435317
0.03224903099319426
0.42541744204957116
0.07542545989253249
0.1144901742508935
0.10264989040422792
0.22192115717073954
0.4035554484826094
0.38288379438153297
0.2758115298532675
0.15248606493709507
0.37472389835717707
0.21495348334000047
0.12439051410778879
0.11742657280190011
0.14795945390545337
0.042047592083257465
0.3932848840217481
0.08765842800324448
0.1357239846158371
0.10377379245262286
0.12887590930814039
0.1569235482647522
0.27684652788142394
0.09552486587271397
0.12803515142334917
0.28552407954496567
0.04499999999999975
0.25837376027762565
0.07427651041883968
0.36800543474247766
0.35027417832321
0.37614491888100793
0.3842004685057006
0.1167261752992874
0.2281161984603461
0.440090899701414
0.21609488656606363
0.137931142241337
0.05703507692639651
0.4563693679466231
0.029529646120466834
0.09527329111561103
0.13661625086350443
0.2544837912323692
0.4349919539485758
0.4142233696932128
0.1855262784621089
0.18613167382259263
0.1629631860267833
0.18483776670366892
0.014866068747318481
0.3482786240928378
0.04579301256742135
0.45783184686083184
0.06014149981501952
0.42180682782524986
0.326266762021509
0.2658759109058212
0.060876925020897636
0.4301162633521313
0.239267632579085
0.4651021393199561
0.4057905863866238
0.009486832980505445
0.24768528418135796
0.03264965543462897
0.019999999999999987
0.4335181657093508
0.1830519052072389
0.2786413465370854
0.21024033866030575
0.029999999999999992
0.18647251808242407
0.14325152704247168
0.17850770291502846
0.021470910553583963
0.18469434208984287
0.45680630468503836
0.1231665539016173
0.3389041162334857
0.3462080299473138
0.43838111273183306
0.10400961494015805
0.26711046404062866
0.09207062506576134
0.428379504645122
0.2739050930523197
0.30770927837814693
0.1256702033100927
0.09350935782048758
0.30490654305868875
0.2735927630621835
0.3857512151633485
0.31144823004794875
0.22821481108815003
0.4266169241837459
0.06606814663663553
0.20967832506007858
0.3686000542593557
0.04468780594300877
0.47344059817468126
0.01019803902718547
0.19416487838947613
0.29274049941885383
0.4740516849458506
0.22244100341438847
0.016763054614240193
0.254080695842876
0.06168468205316443
0.016031219541881404
0.40520241855151834
0.2841126537132762
0.45813207702582887
0.19446593532030224
0.3825820173505285
0.39422455529811945
0.030083217912982782
0.13591173606425594
0.1433910736412837
0.23666220653074288
0.22002954347087111
0.4377761985307104
0.20460694025374598
0.3842251943847515
0.22800219297190993
0.23603813251252423
0.41793779441443185
0.043139309220246023
0.07647875521999564
0.06862215385719095
0.029410882339705544
0.10018482919085123
0.3104077962938434
0.17464249196572992
0.22774766738651772
0.4837354648979129
0.016124515496597113
0.10666770832824729
0.28860006930006094
0.3709191286520553
0.07621679604916498
0.15660459763365825
0.1725949014310678
0.23072277737579358
0.12573384588089237
0.2936153946917633
0.40990974616371373
0.12509996003196802
0.08492938243034619
0.19426270872197798
0.3114482300479488
0.21790364843205343
0.2054555913086815
0.04560701700396556
0.46388468394634463
0.3946099339854485
0.21542516101885584
0.3718279171875074
0.09377099764852667
0.36390245945857536
0.18146349495146413
0.0778973683766017
0.07885429601486524
0.2887663415289251
0.1626038129934229
0.1283160161476346
0.11615506876585287
0.4924682730897492
0.3106396626318024
0.09323089616645336
0.3361339018903032
0.3453925303187663
0.19840362899906844
0.1622004932174994
0.38541017111643533
0.1404279174523356
0.27208270801357454
0.24522642598219302
0.23598728779321987
0.4264563283620024
0.41668453295028857
0.18200274723201318
0.24583937845674764
0.45034431272083364
0.24401844192601505
0.4153287854218632
0.4784025501604273
0.2807222826923433
0.21966565503054855
0.17704519197086355
0.46330335634441494
0.2883903604491662
0.4216313555702421
0.15487091398968378
0.16614752480852676
0.24750959577357817
0.362751981386732
0.09334880824091984
0.371431016475469
0.4040853870161602
0.4461535610078664
0.024698178070457044
0.15615697230671455
0.012206555615733732
0.31267874887814173
0.015231546211727605
0.18993156662334973
0.36672196552701863
0.27096309711840844
0.3019354235594095
0.153574086355739
0.16007810593582136
0.25296047122030757
0.32729955698106306
0.0822009732302486
0.39995249717935266
0.4212469584459927
0.45583439975499856
0.2582595593584097
0.24226019070412708
0.4482644308887332
0.12160592090848192
0.0604648658313238
0.2778506793225454
0.49217578160653136
0.4613393544886452
0.3222623155133098
0.33442637455798846
0.30634947364080795
0.3542555574722859
0.48143327678921394
0.49922840464060125
0.4022188459035703
0.2105089071749697
0.14814182393908884
0.49568639279286264
0.2023709465313635
0.10793516572461453
0.22440365415919575
0.34690200345342503
0.10696261028976435
0.07924645102463598
0.16949631264425788
0.23631546711969573
0.19453791404248164
0.1806792738528688
0.03612478373637692
0.42918061466007534
0.35813405311419355
0.18970766985021972
0.33936558458394084
0.024698178070456864
0.33188250933123914
0.15058552387264862
0.14404513181638584
0.04229657196511317
0.4889836398081227
0.4928579917176955
0.4927413114403947
0.256602805908275
0.11386395390991833
0.07789736837660181
0.1124144118874443
0.4554316633700382
0.27821214926742505
0.07910120100226041
0.18243903091169933
0.4984826977940159
0.22200900882621855
0.15831613941730632
0.4337107330929221
0.45071165948974534
0.15876082640248498
0.24136694056974742
0.19337269714207345
0.4080012254883556
0.2040024509656683
0.19949185447030146
0.19556328898850114
0.4282919564969672
0.3698675438586089
0.20715453169071618
0.34108796519373097
0.21280977421161834
0.33328666339954266
0.19817668884104414
0.08229823813423957
0.18047991578012218
0.48523911631277195
0.49766755972235127
0.2717738030053665
0.3163937420367225
0.20554804791094472
0.2708449741088064
0.45984780090808275
0.2896756807189724
0.15445711378890906
0.03104834939251992
0.418119600114608
0.38742354084386754
0.3949898732879108
0.36060088740878066
0.058137767414994546
0.4703966411444709
0.04686149805543993
0.43432936810673983
0.31416715296160413
0.26916351907344377
0.04750789408087881
0.4424036618293297
0.22466419385384948
0.47809308717027044
0.4179102774519908
0.022022715545545357
0.24114933132812127
0.04687216658103178
0.03342154993413673
0.4454492114708478
0.16868017073740468
0.2912902332725903
0.22226560687609773
0.04318564576337829
0.19925109786397652
0.12839003076563227
0.19134262462922377
0.015811388300841996
0.1760823670899501
0.46931972044652037
0.1085587398600408
0.3515920931989227
0.358420144523156
0.4510798155537444
0.11621101496846126
0.25241434190631873
0.07752418977325723
0.44062001770232817
0.2592392717163045
0.3199999999999998
0.13805795884337857
0.07990619500389186
0.17679932126566575
0.06161168720299726
0.47401687733666215
0.3150142853903613
0.2504595775769013
0.3026169195534184
0.11034491379306971
0.40741256730739195
0.07424957912338603
0.2569844353263441
0.24282503989498275
0.40801960737199894
0.28820999288713056
0.08184130986244023
0.31797169685366644
0.12231925441237748
0.058137767414994185
0.3392285365354749
0.3312959402105616
0.40180841205728884
0.2602498799231229
0.31674595498601116
0.3282834141408917
0.08692525524840279
0.07066116330771817
0.209246266394409
0.277953233476425
0.2847876401812407
0.4956984970725652
0.1385388032285541
0.31828603488057744
0.16228986413205268
0.4717043565624555
0.17034377006512458
0.35187071489397925
0.10904127658827169
0.4630723485590564
0.01838477631085056
0.005099019513592768
0.09219544457292882
0.16536021286875505
0.24440130932546217
0.2388828164602886
0.2936460454356567
0.4179054917083527
0.08015609770940678
0.040607881008494294
0.22262299971027266
0.43994772416731526
0.1979141227906688
0.21132202914036188
0.1317459676802291
0.34436318037792574
0.4997489369673537
0.19137659209004632
0.19646882704388488
0.1718138527593162
0.22087100307645646
0.20400490190189063
0.400885270370464
0.21704377438664302
0.17967192323788359
0.31204006153056674
0.1686475615003073
0.3788033790767975
0.16700299398513793
0.483591769987869
0.3611883165330793
0.390635379862091
0.398177096277523
0.1955095905575989
0.2681641288464958
0.24897389421383095
0.21243822631532192
0.15844872987815317
0.4606365161382674
0.1441006592628915
0.19930378822290343
0.19535864454894228
0.2810071173475862
0.44142609800509064
0.41231177523810797
0.10499523798725352
0.37625789028271545
0.34210670849897107
0.23269078194032544
0.10564563407921788
0.38444375401350966
0.2804318098932432
0.41996309361656986
0.36005693994144855
0.03661966684720096
0.24305760634055457
0.018027756377320188
0.025942243542145815
0.38774347189862535
0.22551496624392803
0.2331737549553981
0.16446884203398532
0.01615549442140363
0.14111342955225753
0.18070971196922428
0.1332066064427738
0.05186520991955965
0.2294013949390891
0.41125296351515817
0.16480594649465782
0.2934706118165837
0.300501247917542
0.3929592854228031
0.4677018280913601
0.058249463516842445
0.300128305895995
0.1266254318847521
0.382687862363049
0.3145425249469457
0.26203053257206477
0.08000000000000004
0.1379746353501251
0.46403663648466364
0.4295963221444057
0.24389546941261553
0.03612478373637708
0.15750872991678908
0.3333526661060325
0.17998055450520187
0.03178049716414158
0.21505813167606572
0.027313000567495384
0.05730619512757777
0.4488786027424341
0.25088044961694406
0.1499133082818198
0.42600469480981096
0.43783330161146966
0.04200000000000004
0.17920100446147058
0.10107423014794627
0.20892582415776179
0.1797776404339536
0.39628903593210846
0.24872675770813246
0.4278340799889604
0.27140007369195784
0.2794011453090341
0.4619664489981929
0.003162277660168347
0.11903780911962404
0.48555638189606776
0.11314592347937244
0.02088061301782112
0.061188234163113475
0.354203331435491
0.13585654198455074
0.18487833837418563
0.03453983207834116
0.15081445554057507
0.33233868267175887
0.48117564360636533
0.2988594987615418
0.304041115640632
0.0010000000000000009
0.48920036794753124
0.1811353085403286
0.4646557865775481
0.0686221538571912
0.25044959572736397
0.09276313923105438
0.07990619500389182
0.4921148239994403
0.12403628501370074
0.3381508539099082
0.2690167281044062
0.08982761268117942
0.2461077000014423
0.09208691546577073
0.2381931988953506
0.056797887284651856
0.135532283976918
0.06609841147864302
0.398453259492252
0.4052024185515186
0.4979407595286814
0.16304907236779945
0.21827734651126765
0.05420332093147071
0.4874033237473869
0.21609488656606377
0.3668078516062597
0.18491078930121957
0.03342154993413677
0.18928285712129364
0.302927384037825
0.48179767537836865
0.21540659228538014
0.01486606874731852
0.24848541204666344
0.051546095875439464
0.02601922366251529
0.4128353182565656
0.2740656855573132
0.4681805207395967
0.18600268815261783
0.3900320499651279
0.401807167681215
0.03244996147917596
0.14322011031974508
0.13634148304899743
0.22699118925632344
0.21393690658696543
0.42769147758635556
0.21260291625469288
0.3918073506201741
0.23541665191740374
0.24342966129870022
0.42585443522405614
0.0350000000000001
0.08321658488546621
0.07715568676384117
0.019313207915828128
0.09415412895885153
0.31812733299733953
0.1690088755065841
0.22051077071199932
0.4921544473028765
0.016124515496597058
0.11469088891450804
0.29627352227291576
0.14043147795277244
0.3951822364428847
0.11005907504608604
0.05565968020030317
0.24440335513245312
0.3284204622126949
0.29795301643044325
0.2317088690577036
0.3269556544854362
0.15677372228788866
0.34597109705869944
0.33420053859920684
0.2480685389161631
0.43952360573693877
0.3385409871788052
0.43529530206516126
0.2212261286557263
0.430400975835325
0.305353893048705
0.3676982458484128
0.254125953023299
0.4967262827755343
0.392577380907255
0.3720053763052356
0.1468945199794733
0.24490202122481544
0.22959529611906215
0.3874183785005559
0.2857166428474196
0.4870164268276793
0.4512205669071391
0.21470910553583897
0.42981507651547063
0.060033324079214585
0.17740631330367038
0.062201286160336
0.16602710622064135
0.19892963580120507
0.28330195904723315
0.0907358804442875
0.1700735135169495
0.327566787083184
0.06744627491566894
0.27362931129540946
0.038275318418009296
0.35184655746504057
0.39220912788970125
0.41816862627413864
0.42622294635554286
0.15708914666519785
0.2700240730009088
0.4165477163543213
0.2581414341015405
0.1782722636867553
0.09633794683301068
0.4982579653151572
0.025298221281347056
0.06806614430096647
0.1783928249678222
0.2965299310356379
0.4769171835864168
0.42698594824654373
0.369882413747937
0.3084833869108676
0.4988436628844753
0.3694238757849849
0.3406890077475351
0.3511353015576759
0.304868824250693
0.23741314201197875
0.4979447760545342
0.4142294050402506
0.20223253941935243
0.3040592047611783
0.4805049427425277
0.301811199262055
0.41822601545097643
0.48960596401596246
0.3543585754571207
0.27750315313523904
0.25744902408049636
0.1716799347623363
0.4709331162702404
0.2503197954617257
0.2522102297687391
0.2935574901105403
0.38209161205135106
0.21435717855952485
0.41060443251382456
0.4666347608140652
0.17687566254292877
0.24570307283385806
0.194200926877294
0.32291330105773
0.19538935487891868
0.25378928267363865
0.439329033868694
0.33079600964945144
0.33105890714493724
0.24901807163336553
0.23792856070678015
0.3220931542271583
0.36674241641784494
0.20047942537826718
0.42270202270630297
0.3859455920204297
0.48781143898026796
0.28183860629800184
0.29893979326948084
0.4431997292417946
0.2173315439599139
0.1947331507473754
0.3264751139060987
0.34623691311008414
0.04805205510693582
0.4863990131568936
0.23162469643800912
0.3031171390733288
0.4898020008125732
0.18023595645708446
0.46524402199276016
0.06931089380465397
0.2498999799919961
0.09350935782048758
0.08061017305526634
0.4926865129065338
0.1231665539016173
0.33878754404493694
0.2696089761117015
0.09052071586106678
0.2467589917307978
0.09108786966440705
0.2388493248891444
0.05724508712544699
0.1354474067673499
0.06514598989960937
0.39909146821248875
0.4058004435680179
0.49857797785301355
0.16367040050051782
0.2172786229705997
0.053338541412378454
0.48800102458908834
0.21518828964420894
0.3674139355005467
0.18553975315279478
0.03264965543462897
0.22122612865572636
0.4554250761651141
0.28300706704957035
0.3128338217009152
0.3245196450139806
0.2063710250980016
0.0532259335286853
0.17942407865166832
0.23080077989469625
0.24068236329236936
0.052810983706043625
0.20383571816538912
0.3583517824708004
0.07907591289387665
0.24200206610688263
0.026400757564888046
0.2924790590794493
0.4264270160297069
0.4504186941058287
0.4584604672160947
0.18060177186284737
0.29860509037858013
0.3567239829335842
0.29027056344038726
0.20041207548448756
0.1232274320108958
0.05813776741499448
0.008062257748298433
0.20808652046684806
0.3287582698579613
0.23740261161158296
0.05403702434442523
0.02580697580112788
0.42105819075277445
0.279114671774882
0.4687728661089504
0.1798777362543792
0.39857997942696527
0.4101219330881976
0.018384776310850254
0.15212166183683357
0.1274127152210487
0.23417087777945414
0.2034944716693797
0.427870307453088
0.22022942582679533
0.4001249804748512
0.24407375934335926
0.25212100269513427
0.43354469204454554
0.029529646120466924
0.0930376267969041
0.08402380615039985
0.02404163056034271
0.08372574275573814
0.32621771870945354
0.15799050604387607
0.21181595785020527
0.4987755006012223
0.0029999999999998916
0.12241323457861912
0.3044552512274996
0.24645689278249067
0.28908303305451905
0.27148664792214006
0.2577925522585942
0.05787054518492122
0.43737855457258096
0.26713479743380497
0.41843159536535957
0.1032763283623117
0.41090388170471226
0.22856946427727418
0.1610496817755315
0.11610770861575045
0.429513678478346
0.3354772719574307
0.08745856161634531
0.15713688300332315
0.03511409973215873
0.35716942758304515
0.14877163708180413
0.21967248348393612
0.2598345627509938
0.29206334929258104
0.10584894897919422
0.23124445939308474
0.3886296437483894
0.11655899793666724
0.29519485090360253
0.037013511046643854
0.3245997535427285
0.45398788530091866
0.4796540419927683
0.48771405556944947
0.21503488089144995
0.3303937045405075
0.3770212195619765
0.31933054974430497
0.2359364321167887
0.1543826415112787
0.07947955712005453
0.056302753041037254
0.23860637040950955
0.3578337602854156
0.4640107757369435
0.39671778382119444
0.45263671967704955
0.07690253571892146
0.456344168364185
0.22522211259110425
0.14256226709757402
0.4328995264492674
0.4451516595498661
0.06789698078707182
0.1873846311734233
0.10316006979447079
0.1819120666695863
0.183199344976995
0.3761768201258553
0.2582576233143949
0.43517812445020704
0.2788906595782655
0.28676296832052744
0.47041789931931766
0.030463092423455646
0.12740486646906377
0.4677958956639105
0.1259364919314491
0.032280024783137774
0.07218032973047472
0.36226233588381784
0.14242541907960143
0.18330848316430967
0.05703507692639673
0.16148374531202822
0.34033072150483246
0.39667619036186147
0.3000816555539509
0.4436327309836369
0.2055480479109447
0.3744489284268283
0.3858108344772085
0.029120439557122315
0.1287982919141397
0.1521183749584516
0.2526697449240807
0.22674214429611447
0.45254060591288386
0.19564508682816428
0.3758217662669367
0.22020445045457193
0.2282651966463567
0.4088141386987488
0.055226805085936415
0.07156814934033151
0.05968249324550686
0.04472135954999587
0.10764757312638339
0.3018078859142022
0.18076780686836932
0.2364571842850201
0.47349868004039863
0.023430749027720056
0.09827003612495529
0.2801303268123605
0.4970010060351989
0.43260374478268215
0.24393851684389642
0.025059928172283193
0.011401754250991186
0.42434891304208605
0.1906462693052241
0.26971281022598825
0.20107958623390876
0.02121320343559621
0.1775894140989262
0.14912075643584974
0.16964963896218577
0.022022715545545146
0.1941803285608509
0.44783255799461463
0.1303840481040531
0.3299969696830561
0.3371201566207514
0.42948341062257567
0.09486832980505089
0.2719301380869726
0.09677293009927933
0.4193053779764813
0.2809448344426357
0.298645274531508
0.11660617479361877
0.10183319694480783
0.38800515460493556
0.38319316277825227
0.42183646120267987
0.3412477106150313
0.36403433903960214
0.3487491935474548
0.1934140636044857
0.29275416307885366
0.3782168690050722
0.23224340679554312
0.06080296045424097
0.26517352809056943
0.1896944912220701
0.4460403569185191
0.4571487722831595
0.4637865888531059
0.25395472037353434
0.32792834583182956
0.29350979540724037
0.33604315199093104
0.2560019531175495
0.2514060460689043
0.262488094968134
0.23612920192132114
0.2821134523556082
0.36260446770551524
0.48227067088928405
0.44140344357514927
0.44902672526253956
0.4114766092987545
0.26729010456805163
0.44484604078265105
0.25388580109962844
0.2464548640217921
0.46215365410218284
0.2716615541441225
0.3568094729684178
0.29710772457140866
0.24644674881198986
0.2988109770406704
0.21791053209975886
0.2954268098869837
0.22700881040171106
0.36634955984687617
0.498176675487723
0.24096887765850603
0.40406435131053076
0.3973109613388486
0.48749358970144424
0.2523529274646919
0.23409399821439225
0.20348218595248083
0.46600965655230797
0.3055552323230612
0.36944417710934346
0.26218504915421853
0.2558202493939836
0.4573980760781576
0.4474516733681974
0.28732733945797784
0.42627690530921336
0.4721789914852203
0.18181859090863056
0.32843416387458824
0.061400325732034966
0.19003157632351517
0.07349829930005175
0.2732636089932211
0.39849341274354827
0.42047592083257285
0.42842152140152795
0.15132745950421544
0.26812683565805195
0.3498642593921249
0.2630437226013955
0.16867127793432982
0.104201727432898
0.07305477397131566
0.051788029504896166
0.1821235844145397
0.30066093860027787
0.48169803819405355
0.2929607482240583
0.4902509561438917
0.397899484794841
0.4727049819919398
0.22232408776378682
0.013928388277184144
0.4023779318004408
0.2155411793602326
0.24681369491987296
0.1792344832893494
0.0076157731058640096
0.1546156525064652
0.17400287353949068
0.14660491124106337
0.045354161881794176
0.21300234740490503
0.42502941074706835
0.15539626765144648
0.30700162866017505
0.31479834815322677
0.40643326635500715
0.48203734295176787
0.07334848328356881
0.2961384811198976
0.12116517651536679
0.39689419244932284
0.305996732008693
0.2762408369521059
0.09451454914456314
0.1261507035255847
0.427369863233242
0.25749757280409474
0.48339321468138097
0.41356257084025405
0.20203960007879634
0.2586445437274873
0.19028662590944234
0.010000000000000009
0.166481230173254
0.16007810593582117
0.158521291945278
0.03157530680769376
0.20368603290358395
0.4368065933568312
0.14173919711921606
0.3189106457928302
0.3262207841324647
0.41838977042944075
0.49344705896377605
0.0840595027346698
0.2823118842698619
0.10728000745712121
0.40838829562072426
0.29224647132172515
0.2877168747223561
0.10568348972285138
0.11317243480636073
0.37945882517079516
0.060605280298007026
0.15749603169603987
0.12587295182047656
0.24959567303941793
0.19864541273334232
0.4365329311747282
0.22327785380552193
0.4035864219718004
0.2484552273549505
0.25651705596314645
0.4360561890398988
0.03901281840626235
0.1006876357851352
0.08810221336606701
0.04118252056394804
0.08072174428244233
0.32950872522590396
0.1524631102922933
0.20978083801910954
0.49971291758368624
0.01640121946685683
0.12658988901172194
0.30793668180325645
0.4560844220097855
0.3854516830940034
0.21160340261914498
0.36514106862964607
0.059203040462462685
0.35745908856818853
0.1738763928772392
0.12121056059601401
0.060876925020897636
0.4855687386972106
0.2817836049169643
0.12083045973594582
0.10707474025184471
0.09297311439335561
0.4832276896039793
0.3036461756716195
0.09123595782365637
0.27929375216785646
0.32074444656143297
0.35539414739131514
0.07121797525905949
0.2486463351831273
0.0922008676748763
0.4055539421581303
0.10020977996183805
0.2831960451701259
0.4564482446017291
0.17821616088334966
0.39527838291513
0.06030754513325822
0.06946221994724905
0.1597904878270293
0.23581560592971795
0.17517134468856527
0.30953513532392407
0.3636165562787258
0.351283361405006
0.1505855238726484
0.03178049716414109
0.15326447729333767
0.37095147930693045
0.21362116000059564
0.08004998438475767
0.3332641594891356
0.347604660498101
0.37138928363645635
0.37942719986843326
0.10159724405711026
0.21953131895016734
0.4112626897738233
0.21140009460735823
0.1216716893940411
0.045343136195018494
0.4536298050172634
0.042201895692018314
0.08440379138403642
0.1292013931813432
0.24982593940581943
0.43186687763707937
0.31090995481007033
0.26342740935597403
0.24960969532452057
0.49582658258709744
0.3874596753211874
0.3976128770550572
0.40412003167375893
0.21208488866489283
0.27294688127912364
0.35305098781904015
0.28285685425670704
0.21028076469330234
0.2222836026341125
0.4763297177376194
0.25013796193301024
0.2392697222801079
0.2371181140275875
0.3069674249818701
0.4557115315635539
0.31780025173054843
0.4219111280826803
0.4469384745129916
0.4549999999999998
0.17993887851156556
0.29650295108143526
0.37943774192876495
0.2864157816880904
0.2006090725764912
0.11986659251017329
0.046400431032480566
0.03352610922848024
0.2048828933805845
0.32500000000000007
0.4399784085611474
0.2860856515101729
0.3988546101024783
0.4964524146381001
0.10401922899156685
0.49988498677195736
0.40838339829136044
0.37072496543934014
0.34221046155838086
0.2846840353795767
0.4307249702536411
0.25372820103409877
0.34766938317890456
0.11995415791042845
0.1803136156811239
0.030016662039607518
0.3344278696520373
0.03712142238654109
0.21333541665649416
0.3913374502906665
0.2475176761364731
0.3247352768025058
0.1308625232830239
0.13620939761998807
0.22989780338228555
0.30329028998634305
0.10623088063270529
0.37566474415361367
0.44058256887897856
0.4320011574058567
0.2802427519134081
0.2184032966784155
0.46998829772665607
0.0979489663038868
0.08472307831990052
0.3014448539948891
0.15648642113614836
0.16875129629131738
0.14852945835759335
0.039560080889704814
0.21325102578885732
0.42680674783794137
0.15116216457830972
0.3089142275778181
0.3162277660168381
0.40839441719984393
0.48345630619529645
0.07409453421137056
0.29013100489261734
0.11543396380615188
0.3983930220272439
0.30149626863362655
0.2777210831031737
0.09569221493935663
0.12304470732217607
0.17860011198204795
0.31990311033186286
0.475391417676003
0.25872379094316017
0.31620404804492924
0.008062257748298269
0.19162724232217063
0.3650588993573499
0.2704144966528239
0.3042663307038752
0.15243359209832988
0.1605241414865692
0.25190871362459877
0.32764920265430253
0.08343860018001276
0.4008802813808634
0.4267177052806689
0.4557477372406801
0.26162759793263385
0.24243968322038387
0.4516857314549573
0.1219385090937231
0.061522353661087915
0.2790340481016607
0.3088041450499006
0.12928263611173788
0.15349592828475922
0.03312099032335837
0.4652279011409354
0.46882512731294607
0.23382258231402694
0.12619429464123963
0.05464430436925707
0.13559129765585975
0.4315228846770468
0.25528023816974166
0.06815423684555492
0.18385320231097413
0.35699999999999993
0.27842593270024246
0.29658219771253985
0.16041508657230447
0.16858528998699737
0.2598788179132728
0.3357037384361396
0.07569015788066541
0.4089425387508617
0.41994880640382815
0.463781198411492
0.254200708102869
0.25049151682242643
0.4442352980122133
0.12999999999999967
0.05381449618829489
0.27115493725912504
0.1793376703316958
0.3270535124410073
0.403019850627733
0.4600978156870559
0.18964440408301
0.4608047308784925
0.11307077429645576
0.34347780132055095
0.3495211009366959
0.4428916346015128
0.10818964830333774
0.2507847682775013
0.07589466384404117
0.43168970337500506
0.26268802789621
0.31127158559688645
0.1301153334545932
0.08823264701911654
0.12580143083447004
0.2862481440987866
0.24044126101815394
0.16573774464496607
0.18918773744616751
0.48691375006257487
0.30696090956341643
0.11485643212288972
0.11815244390193554
0.4878780585351221
0.11173182178770731
0.021213203435596333
0.06087692502089786
0.35311471223952173
0.13572398461583723
0.18560711193270563
0.03220248437620927
0.14957606760441347
0.3312657543423406
0.45543166337003843
0.46048887065813016
0.220907220343745
0.15526107045875986
0.049648766349225784
0.15076471735787506
0.422574253830022
0.24276943794472985
0.03701351104664352
0.35165466014258917
0.4937458860588109
0.2000249984376953
0.02163330765278414
0.09948869282486345
0.17666352198459107
0.23547823678633256
0.2510159357491076
0.30372685096974866
0.41109731208072847
0.09178779875342918
0.035341194094144664
0.21357200191036266
0.4312586231021936
0.3647163281236528
0.41111190690613664
0.19730686759461769
0.4995447927863927
0.45252734723992094
0.41199029114774066
0.48737049561909274
0.3486617271797984
0.4260751107492669
0.3026962173533064
0.41326625799839983
0.3867453942841465
0.09542536350467837
0.16724233913695427
0.24226019070412744
0.24039342753078752
0.29580060851864354
0.4151204644437564
0.08220097323024822
0.03858756276314979
0.22053797858872295
0.4376528304489759
0.08200000000000007
0.33495074264733354
0.1567322557739791
0.2051536009920369
0.026925824035672515
0.13224598292575876
0.3130511140373087
0.42278718050574804
0.4938177801578232
0.40945329403974806
0.07494664769020686
0.12907362240210005
0.08523496934944032
0.20579844508644898
0.38776410354750485
0.22940139493908934
0.38444375401350983
0.4411632350955825
0.396102259523977
0.4818848410149466
0.3479683893689192
0.17917868176766982
0.32445184542548094
0.3690121949204385
0.20380628057054584
0.02193171219946165
0.19578048932414044
0.2326478024826368
0.06579513659838375
0.15924823389915516
0.2789587783167975
0.46035855591049896
0.17517134468856482
0.08296987405076624
0.3682132534279557
0.19226024029944414
0.21360009363293805
0.33422896343674346
0.49672930253811276
0.19006577808748204
0.3776056143650407
0.20064396327824066
0.052392747589718985
0.1206731121667128
0.3027110833781941
0.39060081925157286
0.18384776310850232
0.1820439507371775
0.39934070666537336
0.21769014676829082
