
% frame   100
% time 10.000
% report couple:link_cluster
%    class  identity    fiber1 abscissa1     pos1X     pos1Y dirFiber1X dirFiber1Y    fiber2 abscissa2     pos2X     pos2Y dirFiber2X dirFiber2Y     force cos_angle   cluster
         1       649       106     0.237     0.146    -1.045     0.593     0.806       165     0.229     0.208    -1.011     0.108     0.994     0.141     0.865         1
         1       901       163     0.235     0.239    -1.010     0.492     0.870        58     0.239     0.236    -1.006     0.998    -0.065     0.010     0.434         1
         1       880       121     0.242     0.207    -0.945    -0.328    -0.945        28     0.239     0.205    -0.990    -0.072     0.997     0.089    -0.919         1
         1       704       187     0.177     0.188    -1.064     0.334     0.943        24     0.237     0.215    -1.015    -0.465     0.885     0.113     0.679         1
         1       219       114     0.242     0.208    -1.000    -0.059     0.998         8     0.242     0.218    -1.000    -0.976    -0.216     0.021    -0.159         1
         1       595        60     0.236    -1.319    -1.915     0.853    -0.522        74     0.215    -1.302    -1.915     0.636    -0.771     0.035     0.945        10
         1       967       167     0.054     0.312    -1.183    -0.455     0.890       145     0.073     0.295    -1.175    -0.518     0.855     0.038     0.997         1
         1       676        42     0.229     0.212    -1.011    -0.340     0.940       114     0.230     0.208    -1.012    -0.059     0.998     0.007     0.959         1
         1       194        86     0.240    -1.917     1.886     0.976     0.218       137     0.131    -1.893     1.905     0.438     0.899     0.061     0.623         3
         1       478        42     0.086     0.261    -1.146    -0.341     0.940        91     0.152     0.297    -1.180     0.979    -0.206     0.100    -0.527         1
         1       625       166     0.229     0.198    -1.009    -0.253    -0.967       170     0.229     0.209    -0.997    -0.892    -0.453     0.032     0.664         1
         1       496        28     0.238     0.205    -0.991    -0.072     0.997        58     0.198     0.196    -1.003     0.998    -0.065     0.030    -0.136         1
         1       469       200     0.084     0.337    -1.121    -0.787     0.617        76     0.078     0.356    -1.134    -0.879     0.476     0.044     0.986         1
         1       827        46     0.091     2.092    -2.315     0.200    -0.980       147     0.187     2.077    -2.312    -0.257     0.966     0.031    -0.998         5
         1       863         8     0.187     0.271    -0.988    -0.976    -0.216        58     0.236     0.233    -1.006     0.998    -0.065     0.084    -0.960         1
         1       142       193     0.206     1.663     2.292    -0.989     0.150       113     0.183     1.699     2.216    -0.500     0.866     0.168     0.625         2
         1       838       170     0.244     0.196    -1.004    -0.892    -0.453        29     0.091     0.208    -0.994     0.296    -0.955     0.031     0.168         1
         1       395        58     0.202     0.200    -1.004     0.998    -0.065         8     0.235     0.225    -0.998    -0.976    -0.216     0.050    -0.960         1
         1       448        58     0.186     0.184    -1.002     0.998    -0.065        28     0.197     0.208    -1.032    -0.072     0.997     0.076    -0.136         1
         1       998        28     0.170     0.210    -1.059    -0.072     0.997       114     0.246     0.207    -0.995    -0.059     0.998     0.126     1.000         1
         1       588       118     0.164     2.461    -1.091     0.912     0.410        64     0.218     2.455    -1.071    -0.109    -0.994     0.042    -0.507        11
         1       141         8     0.241     0.219    -1.000    -0.976    -0.216       114     0.228     0.208    -1.013    -0.059     0.998     0.034    -0.159         1
         1       650       135     0.200     0.198    -1.025     0.624     0.781        58     0.197     0.195    -1.003     0.998    -0.065     0.043     0.572         1
         1       125        42     0.244     0.207    -0.997    -0.340     0.940        98     0.201     0.233    -0.991    -0.962    -0.273     0.055     0.070         1
         1       222        31     0.068     0.291    -1.161    -0.500     0.866        24     0.089     0.284    -1.145    -0.467     0.884     0.035     0.999         1
         1       656        98     0.200     0.234    -0.990    -0.962    -0.273        84     0.208     0.224    -0.983    -0.548    -0.837     0.026     0.755         1
         1       909       114     0.218     0.209    -1.024    -0.059     0.998        29     0.125     0.218    -1.027     0.296    -0.955     0.020    -0.971         1
         1       238       170     0.248     0.192    -1.006    -0.892    -0.453        98     0.234     0.201    -1.000    -0.962    -0.273     0.023     0.981         1
         1       440         2     0.173     1.657     2.314     0.427    -0.904        80     0.151     1.655     2.352     0.424    -0.906     0.076     1.000         2
         1       815       200     0.221     0.229    -1.036    -0.788     0.616       145     0.218     0.219    -1.050    -0.519     0.855     0.034     0.935         1
         1       987        58     0.217     0.215    -1.005     0.998    -0.065        20     0.237     0.214    -1.015    -0.993    -0.117     0.021    -0.983         1
         1       284        20     0.230     0.220    -1.014    -0.993    -0.117       157     0.120     0.211    -1.007     0.215    -0.977     0.024    -0.099         1
         1       467       160     0.148     0.134    -1.137     0.619     0.785        23     0.138     0.155    -1.139     0.377     0.926     0.041     0.961         1
         1       207         3     0.244     0.203    -1.023    -0.999     0.041       194     0.188     0.229    -1.021    -1.000    -0.017     0.052     0.998         1
         1       267       114     0.249     0.207    -0.993    -0.059     0.998        58     0.226     0.224    -1.005     0.998    -0.065     0.042    -0.124         1
         1        20       135     0.129     0.154    -1.080     0.623     0.782        71     0.219     0.184    -1.044    -0.094     0.996     0.093     0.720         1
         1       766        71     0.226     0.183    -1.038    -0.094     0.996        23     0.236     0.191    -1.049     0.376     0.927     0.029     0.887         1
         1       228       170     0.227     0.210    -0.996    -0.892    -0.453       135     0.229     0.217    -1.002     0.624     0.781     0.017    -0.910         1
         1       536        29     0.131     0.220    -1.033     0.296    -0.955       179     0.237     0.207    -1.005     0.019     1.000     0.060    -0.949         1
         1       744         8     0.242     0.217    -1.000    -0.976    -0.216       141     0.245     0.178    -1.003     0.998     0.064     0.078    -0.988         1
         1       105        42     0.222     0.214    -1.018    -0.340     0.940       187     0.219     0.201    -1.025     0.334     0.943     0.029     0.773         1
         1       420        88     0.227     0.206    -1.047     0.256     0.967       157     0.140     0.216    -1.026     0.215    -0.977     0.046    -0.889         1
         1        14        51     0.227     0.224    -1.069     0.111    -0.994       117     0.198     0.203    -1.061     0.183     0.983     0.046    -0.957         1
         1       999       199     0.194     0.214    -0.956     0.095    -0.996         8     0.245     0.214    -1.000    -0.976    -0.216     0.090     0.123         1
         1       810       166     0.209     0.203    -0.989    -0.253    -0.967       199     0.182     0.213    -0.943     0.095    -0.996     0.095     0.939         1
         1       584       157     0.103     0.208    -0.990     0.215    -0.977       149     0.202     0.240    -0.997    -1.000     0.013     0.066    -0.227         1
         1         1        76     0.232     0.221    -1.060    -0.877     0.480        28     0.156     0.211    -1.073    -0.073     0.997     0.033     0.543         1
         1       364       170     0.249     0.191    -1.006    -0.892    -0.453        42     0.245     0.206    -0.996    -0.340     0.940     0.036    -0.123         1
         1       258       145     0.199     0.229    -1.067    -0.519     0.855       114     0.111     0.215    -1.131    -0.056     0.998     0.131     0.883         1
         1       464        24     0.247     0.210    -1.006    -0.465     0.885       163     0.229     0.236    -1.016     0.492     0.870     0.054     0.541         1
         1       646       146     0.227     0.190    -1.022    -0.798    -0.603        71     0.244     0.181    -1.019    -0.094     0.996     0.018    -0.525         1
         1       691       121     0.148     0.238    -0.856    -0.328    -0.945        55     0.117     0.229    -0.854    -0.208    -0.978     0.017     0.992         1
         1        67       114     0.219     0.209    -1.023    -0.059     0.998        42     0.219     0.215    -1.021    -0.340     0.940     0.013     0.959         1
         1       501       103     0.159    -1.502    -1.836    -0.205     0.979       143     0.172    -1.513    -1.811     0.434     0.901     0.055     0.793         6
         1       680         8     0.246     0.214    -1.001    -0.976    -0.216       187     0.249     0.212    -0.996     0.334     0.943     0.010    -0.530         1
         1       193        42     0.194     0.224    -1.044    -0.340     0.940       114     0.190     0.211    -1.052    -0.059     0.998     0.030     0.959         1
         1       866       141     0.228     0.162    -1.004     0.998     0.064       166     0.203     0.205    -0.984    -0.253    -0.967     0.095    -0.315         1
         1       549        29     0.132     0.220    -1.034     0.296    -0.955        42     0.219     0.215    -1.021    -0.340     0.940     0.028    -0.999         1
         1       755        51     0.170     0.218    -1.013     0.111    -0.994       145     0.182     0.238    -1.081    -0.519     0.855     0.142    -0.907         1
         1       602        29     0.074     0.203    -0.978     0.293    -0.956       176     0.235     0.214    -0.996    -0.907    -0.421     0.041     0.137         1
         1       465       145     0.114     0.273    -1.139    -0.518     0.855        31     0.079     0.285    -1.151    -0.500     0.866     0.033     1.000         1
         1        35       143     0.230    -1.488    -1.759     0.434     0.901       103     0.174    -1.505    -1.821    -0.204     0.979     0.129     0.793         6
         1       643        42     0.249     0.205    -0.993    -0.340     0.940       114     0.248     0.207    -0.993    -0.059     0.998     0.005     0.959         1
         1       908       157     0.122     0.212    -1.009     0.215    -0.977       114     0.231     0.208    -1.011    -0.059     0.998     0.008    -0.988         1
         1       555       161     0.214     0.219    -1.080    -0.594     0.805        59     0.189     0.221    -1.045    -0.700     0.715     0.072     0.990         1
         1       601       112     0.135    -1.063     1.826    -0.696     0.718       150     0.225    -1.063     1.838     0.572     0.820     0.024     0.190        16
         1       723       160     0.242     0.193    -1.063     0.620     0.785        27     0.184     0.244    -1.088    -0.367     0.930     0.114     0.503         1
         1       573        16     0.046     0.399    -1.814     0.990    -0.141        72     0.224     0.440    -1.784    -0.391    -0.921     0.102    -0.257         4
         1       252       200     0.243     0.212    -1.023    -0.788     0.616        28     0.213     0.207    -1.016    -0.072     0.997     0.017     0.671         1
         1       237       187     0.228     0.205    -1.016     0.334     0.943        84     0.235     0.209    -1.005    -0.548    -0.837     0.023    -0.971         1
         1       802       165     0.204     0.205    -1.037     0.108     0.994        20     0.230     0.220    -1.014    -0.993    -0.117     0.054    -0.223         1
         1       110       199     0.236     0.218    -0.997     0.095    -0.996       157     0.112     0.210    -0.999     0.215    -0.977     0.017     0.993         1
         1       889       170     0.248     0.192    -1.006    -0.892    -0.453       114     0.228     0.209    -1.014    -0.059     0.998     0.037    -0.399         1
         1       604       192     0.185    -1.587     2.071     0.876     0.481        45     0.137    -1.553     2.090     0.475    -0.880     0.077    -0.007         8
         1       707       199     0.088     0.204    -0.850     0.095    -0.995        55     0.139     0.225    -0.876    -0.208    -0.978     0.067     0.954         1
         1       742       182     0.247     0.224    -0.997     0.441     0.898       179     0.239     0.207    -1.004     0.019     1.000     0.037     0.906         1
         1       116       140     0.246     0.207    -1.000    -0.460     0.888        58     0.243     0.241    -1.006     0.998    -0.065     0.069    -0.517         1
         1        61       165     0.250     0.210    -0.991     0.108     0.994        28     0.232     0.205    -0.997    -0.072     0.997     0.016     0.984         1
         1       574        53     0.160    -0.375    -0.015    -0.484    -0.875       181     0.209    -0.367    -0.030     0.205     0.979     0.035    -0.956         9
         1       109       117     0.247     0.212    -1.013     0.183     0.983       170     0.245     0.195    -1.004    -0.892    -0.453     0.038    -0.608         1
         1       433       157     0.112     0.210    -0.998     0.215    -0.977         8     0.230     0.229    -0.997    -0.976    -0.216     0.039     0.002         1
         1       571        27     0.195     0.240    -1.077    -0.367     0.930       146     0.211     0.202    -1.013    -0.798    -0.603     0.150    -0.269         1
         1       805        28     0.222     0.206    -1.007    -0.072     0.997       114     0.201     0.210    -1.040    -0.059     0.998     0.067     1.000         1
         1       341        23     0.235     0.191    -1.050     0.376     0.927       154     0.092     0.198    -1.052    -0.181    -0.984     0.016    -0.979         1
         1       269        28     0.229     0.205    -1.000    -0.072     0.997       154     0.036     0.208    -0.998    -0.180    -0.984     0.007    -0.968         1
         1       500       157     0.143     0.216    -1.029     0.215    -0.977        73     0.235     0.208    -1.019     0.466     0.885     0.028    -0.764         1
         1       587        16     0.166     0.518    -1.831     0.990    -0.139       134     0.224     0.489    -1.828     0.961     0.278     0.057     0.913         4
         1       579       114     0.239     0.208    -1.002    -0.059     0.998       194     0.218     0.200    -1.021    -1.000    -0.017     0.041     0.041         1
         1       114       157     0.094     0.206    -0.982     0.215    -0.977       149     0.211     0.231    -0.997    -1.000     0.013     0.059    -0.227         1
         1       671        29     0.130     0.220    -1.032     0.296    -0.955       114     0.218     0.209    -1.024    -0.059     0.998     0.027    -0.971         1
         1       234       134     0.161     0.428    -1.846     0.960     0.278        72     0.248     0.431    -1.806    -0.391    -0.921     0.081    -0.632         4
         1       979       114     0.236     0.208    -1.005    -0.059     0.998        42     0.238     0.209    -1.003    -0.340     0.940     0.005     0.959         1
         1       655        29     0.105     0.212    -1.008     0.296    -0.955       114     0.220     0.209    -1.022    -0.059     0.998     0.028    -0.971         1
         1       914       182     0.215     0.210    -1.025     0.441     0.898       194     0.200     0.218    -1.021    -1.000    -0.017     0.017    -0.456         1
         1       867       114     0.241     0.208    -1.001    -0.059     0.998        42     0.244     0.207    -0.997    -0.340     0.940     0.008     0.959         1
         1        83       147     0.232     2.066    -2.269    -0.257     0.966       183     0.065     1.995    -2.283     0.793    -0.609     0.144    -0.793         5
         1       621       145     0.237     0.210    -1.035    -0.519     0.855        51     0.221     0.223    -1.064     0.111    -0.994     0.064    -0.907         1
         1       310       157     0.113     0.210    -1.000     0.215    -0.977        28     0.228     0.205    -1.001    -0.072     0.997     0.009    -0.990         1
         1       493       187     0.244     0.210    -1.001     0.334     0.943        29     0.117     0.216    -1.020     0.296    -0.955     0.041    -0.802         1
         1       323        24     0.226     0.220    -1.024    -0.465     0.885         3     0.230     0.217    -1.023    -0.999     0.041     0.005     0.502         1
         1       442        42     0.221     0.215    -1.019    -0.340     0.940       140     0.221     0.218    -1.023    -0.460     0.888     0.010     0.991         1
         1       764        31     0.143     0.253    -1.095    -0.498     0.867       108     0.099     0.241    -1.133    -0.396     0.918     0.079     0.993         1
         1       104       166     0.164     0.215    -0.946    -0.256    -0.967        49     0.214     0.199    -0.966     0.999    -0.037     0.052    -0.221         1
         1       359       165     0.232     0.208    -1.008     0.108     0.994        29     0.104     0.212    -1.007     0.296    -0.955     0.007    -0.917         1
         1       635       170     0.231     0.207    -0.998    -0.892    -0.453       139     0.245     0.216    -0.981    -0.133    -0.991     0.038     0.567         1
         1        54       131     0.223     0.296    -1.117     0.938     0.346       104     0.077     0.270    -1.103    -0.382     0.924     0.060    -0.038         1
         1       370       168     0.236     1.642     2.395    -0.833    -0.554         2     0.137     1.641     2.347     0.425    -0.905     0.096     0.147         2
         1       118       194     0.062     0.355    -1.019    -1.000    -0.017        20     0.096     0.353    -0.999    -0.993    -0.118     0.041     0.995         1
         1       275       131     0.163     0.239    -1.138     0.939     0.344        42     0.089     0.259    -1.143    -0.341     0.940     0.041     0.004         1
         1       772        71     0.166     0.189    -1.098    -0.099     0.995       163     0.172     0.208    -1.065     0.492     0.870     0.075     0.818         1
         1       743       114     0.227     0.209    -1.015    -0.059     0.998        42     0.229     0.212    -1.012    -0.340     0.940     0.009     0.959         1
         1       147       149     0.187     0.255    -0.997    -1.000     0.013       146     0.131     0.267    -0.964    -0.799    -0.601     0.070     0.791         1
         1       490       135     0.221     0.212    -1.008     0.624     0.781       140     0.243     0.208    -1.003    -0.460     0.888     0.012     0.407         1
         1       612        88     0.154     0.187    -1.118     0.255     0.967       165     0.116     0.196    -1.124     0.111     0.994     0.022     0.989         1
         1       181       145     0.072     0.295    -1.175    -0.518     0.855       140     0.031     0.306    -1.192    -0.461     0.887     0.038     0.998         1
         1        62        49     0.243     0.227    -0.967     0.999    -0.037        29     0.102     0.211    -1.005     0.296    -0.955     0.083     0.331         1
         1       388       166     0.169     0.214    -0.950    -0.253    -0.967       146     0.204     0.208    -1.008    -0.798    -0.603     0.117     0.786         1
         1       358        28     0.212     0.207    -1.017    -0.072     0.997        84     0.248     0.202    -1.016    -0.548    -0.837     0.010    -0.795         1
         1       415       187     0.220     0.202    -1.023     0.334     0.943       140     0.245     0.207    -1.001    -0.460     0.888     0.045     0.684         1
         1       337        23     0.248     0.196    -1.038     0.376     0.927        71     0.239     0.182    -1.024    -0.094     0.996     0.039     0.887         1
         1       807         8     0.239     0.220    -0.999    -0.976    -0.216       117     0.248     0.212    -1.011     0.183     0.983     0.029    -0.391         1
         1       582       179     0.232     0.207    -1.011     0.019     1.000        20     0.242     0.208    -1.016    -0.993    -0.117     0.010    -0.135         1
         1       566        59     0.175     0.231    -1.055    -0.700     0.715        76     0.245     0.209    -1.054    -0.877     0.480     0.042     0.957         1
         1       658       141     0.216     0.149    -1.004     0.998     0.064        28     0.228     0.205    -1.001    -0.072     0.997     0.112    -0.007         1
         1       208        75     0.053    -1.873    -1.456     0.696     0.718       178     0.242    -1.830    -1.424    -0.675    -0.737     0.108    -1.000        12
         1       885        28     0.212     0.207    -1.017    -0.072     0.997       179     0.226     0.207    -1.017     0.019     1.000     0.001     0.996         1
         1       970         8     0.248     0.212    -1.001    -0.976    -0.216       194     0.187     0.230    -1.021    -1.000    -0.017     0.054     0.980         1
         1       187       170     0.041     0.376    -0.912    -0.891    -0.453        12     0.157     0.363    -0.925    -0.501    -0.866     0.038     0.839         1
         1       289       157     0.132     0.214    -1.018     0.215    -0.977        31     0.246     0.202    -1.007    -0.496     0.868     0.033    -0.955         1
         1       263       167     0.247     0.223    -1.011    -0.459     0.888        27     0.220     0.231    -1.054    -0.367     0.930     0.088     0.995         1
         1       162       187     0.235     0.207    -1.010     0.334     0.943       114     0.249     0.207    -0.993    -0.059     0.998     0.034     0.922         1
         1       982       104     0.168     0.235    -1.019    -0.381     0.925        28     0.222     0.206    -1.007    -0.072     0.997     0.062     0.950         1
         1       427        27     0.242     0.223    -1.033    -0.367     0.930        58     0.210     0.208    -1.004     0.998    -0.065     0.065    -0.426         1
         1       941       165     0.243     0.210    -0.998     0.108     0.994        27     0.226     0.229    -1.048    -0.367     0.930     0.108     0.885         1
         1       489       139     0.246     0.216    -0.982    -0.133    -0.991         8     0.240     0.220    -0.999    -0.976    -0.216     0.036     0.344         1
         1       965        27     0.242     0.223    -1.034    -0.367     0.930       157     0.112     0.210    -0.998     0.215    -0.977     0.076    -0.987         1
         1       687        58     0.221     0.219    -1.005     0.998    -0.065       146     0.226     0.191    -1.022    -0.798    -0.603     0.066    -0.757         1
         1       757       166     0.199     0.206    -0.979    -0.253    -0.967       154     0.037     0.208    -0.998    -0.180    -0.984     0.038     0.997         1
         1       127       187     0.230     0.205    -1.014     0.334     0.943        27     0.239     0.224    -1.036    -0.367     0.930     0.057     0.755         1
         1       645        29     0.107     0.213    -1.011     0.296    -0.955        28     0.215     0.206    -1.014    -0.072     0.997     0.015    -0.974         1
         1       654        28     0.198     0.208    -1.031    -0.072     0.997       117     0.214     0.206    -1.045     0.183     0.983     0.028     0.968         1
         1       780        98     0.221     0.215    -0.996    -0.962    -0.273       157     0.127     0.213    -1.013     0.215    -0.977     0.035     0.060         1
         1       122       165     0.231     0.208    -1.010     0.108     0.994       187     0.247     0.211    -0.998     0.334     0.943     0.024     0.973         1
         1       136        98     0.217     0.218    -0.995    -0.962    -0.273        29     0.096     0.210    -1.000     0.296    -0.955     0.020    -0.025         1
         1       412       146     0.212     0.202    -1.013    -0.798    -0.603       165     0.244     0.210    -0.997     0.108     0.994     0.035    -0.686         1
         1       855       119     0.211     1.478     2.447     0.985     0.174       109     0.103     1.514     2.452    -0.433    -0.901     0.074    -0.583        14
         1       837        59     0.234     0.190    -1.013    -0.700     0.715       187     0.225     0.203    -1.019     0.334     0.943     0.031     0.440         1
         1       431        51     0.148     0.215    -0.992     0.110    -0.994       157     0.142     0.216    -1.028     0.215    -0.977     0.073     0.994         1
         1       552        27     0.208     0.235    -1.065    -0.367     0.930        29     0.109     0.214    -1.012     0.296    -0.955     0.114    -0.997         1
         1       155        88     0.241     0.209    -1.033     0.256     0.967        31     0.234     0.208    -1.017    -0.496     0.868     0.033     0.713         1
         1       339       157     0.096     0.206    -0.983     0.215    -0.977       141     0.247     0.180    -1.002     0.998     0.064     0.065     0.151         1
         1       887        28     0.214     0.206    -1.015    -0.072     0.997       114     0.231     0.208    -1.011    -0.059     0.998     0.008     1.000         1
         1       883         3     0.200     0.247    -1.025    -0.999     0.041        24     0.168     0.247    -1.076    -0.465     0.885     0.103     0.502         1
         1       985       157     0.118     0.211    -1.004     0.215    -0.977       140     0.241     0.209    -1.005    -0.460     0.888     0.004    -0.966         1
         1         9       200     0.249     0.208    -1.020    -0.788     0.616       163     0.206     0.224    -1.036     0.492     0.870     0.047     0.148         1
         1       623        31     0.250     0.200    -1.003    -0.496     0.868        73     0.229     0.205    -1.024     0.466     0.885     0.042     0.538         1
         1       681       166     0.226     0.199    -1.005    -0.253    -0.967       141     0.219     0.153    -1.004     0.998     0.064     0.094    -0.315         1
         1       674       114     0.245     0.208    -0.997    -0.059     0.998       170     0.248     0.192    -1.005    -0.892    -0.453     0.035    -0.399         1
         1       794        73     0.228     0.204    -1.025     0.466     0.885       160     0.226     0.183    -1.076     0.620     0.785     0.110     0.983         1
         1       392        29     0.121     0.217    -1.023     0.296    -0.955       194     0.184     0.234    -1.021    -1.000    -0.017     0.034    -0.280         1
         1       550         8     0.233     0.226    -0.998    -0.976    -0.216        20     0.217     0.233    -1.013    -0.993    -0.117     0.033     0.995         1
         1       210        58     0.177     0.175    -1.002     0.998    -0.065        98     0.243     0.193    -1.002    -0.962    -0.273     0.037    -0.942         1
         1       712       113     0.211     1.685     2.240    -0.500     0.866       193     0.216     1.654     2.293    -0.989     0.150     0.123     0.625         2
         1       698        59     0.238     0.187    -1.010    -0.700     0.715       166     0.238     0.196    -1.017    -0.253    -0.967     0.025    -0.514         1
         1       614       149     0.229     0.213    -0.997    -1.000     0.013         3     0.236     0.212    -1.023    -0.999     0.041     0.053     1.000         1
         1        75       163     0.222     0.232    -1.022     0.492     0.870        20     0.185     0.265    -1.009    -0.993    -0.117     0.071    -0.590         1
         1       265       170     0.192     0.242    -0.980    -0.892    -0.453        28     0.241     0.204    -0.988    -0.072     0.997     0.077    -0.388         1
         1       438       114     0.228     0.209    -1.014    -0.059     0.998        42     0.237     0.209    -1.004    -0.340     0.940     0.021     0.959         1
         1       400        16     0.184     0.536    -1.833     0.991    -0.137       134     0.236     0.500    -1.825     0.961     0.278     0.073     0.913         4
         1       215       143     0.169    -1.514    -1.813     0.434     0.901        85     0.167    -1.548    -1.783     0.985     0.172     0.091     0.583         6
         1       543         3     0.222     0.225    -1.024    -0.999     0.041       165     0.220     0.207    -1.021     0.108     0.994     0.037    -0.067         1
         1        38       147     0.136     2.090    -2.361    -0.255     0.967       183     0.187     2.091    -2.357     0.793    -0.609     0.008    -0.792         5
         1        91       186     0.191    -1.833     2.064     0.070     0.998        38     0.169    -1.836     2.085     0.910    -0.415     0.044    -0.350         3
         1       846        23     0.114     0.145    -1.162     0.377     0.926        71     0.110     0.194    -1.153    -0.099     0.995     0.100     0.885         1
         1       527       134     0.201     0.467    -1.835     0.961     0.278        16     0.166     0.518    -1.831     0.990    -0.139     0.101     0.913         4
         1       972       112     0.134    -1.062     1.825    -0.696     0.718       150     0.222    -1.065     1.835     0.572     0.820     0.021     0.190        16
         1        22       111     0.218    -0.737    -0.464    -0.670    -0.743       177     0.218    -0.748    -0.484    -0.995    -0.098     0.044     0.739        15
         1       557       114     0.240     0.208    -1.002    -0.059     0.998       170     0.242     0.197    -1.003    -0.892    -0.453     0.021    -0.399         1
         1       327        88     0.163     0.189    -1.109     0.255     0.967       154     0.187     0.181    -1.146    -0.182    -0.983     0.075    -0.997         1
         1       301        88     0.199     0.198    -1.074     0.256     0.967       161     0.199     0.228    -1.093    -0.594     0.805     0.071     0.626         1
         1       611        42     0.218     0.215    -1.021    -0.340     0.940       114     0.217     0.209    -1.024    -0.059     0.998     0.014     0.959         1
         1       878        72     0.240     0.435    -1.798    -0.391    -0.921       134     0.206     0.472    -1.833     0.961     0.278     0.103    -0.631         4
         1       133        93     0.175    -2.409    -1.061     0.495     0.869       153     0.201    -2.360    -1.003    -1.000    -0.003     0.152    -0.497        13
         1       788        29     0.238     0.252    -1.135     0.299    -0.954       161     0.153     0.255    -1.129    -0.593     0.805     0.013    -0.946         1
         1       931       147     0.166     2.082    -2.333    -0.255     0.967        46     0.134     2.100    -2.357     0.200    -0.980     0.060    -0.998         5
         1       696       187     0.227     0.204    -1.017     0.334     0.943        28     0.184     0.209    -1.045    -0.072     0.997     0.057     0.916         1
         1       220        93     0.227    -2.383    -1.016     0.495     0.869       153     0.243    -2.403    -1.003    -1.000    -0.003     0.049    -0.497        13
         1       638        28     0.219     0.206    -1.010    -0.072     0.997       166     0.242     0.195    -1.021    -0.253    -0.967     0.032    -0.947         1
         1       925       146     0.207     0.206    -1.010    -0.798    -0.603       170     0.225     0.212    -0.995    -0.892    -0.453     0.033     0.984         1
         1       206        27     0.248     0.221    -1.028    -0.367     0.930        84     0.184     0.237    -0.962    -0.548    -0.837     0.135    -0.578         1
         1       642       114     0.238     0.208    -1.004    -0.059     0.998        42     0.236     0.209    -1.005    -0.340     0.940     0.004     0.959         1
         1        95       143     0.184    -1.508    -1.800     0.434     0.901       103     0.207    -1.512    -1.789    -0.204     0.979     0.023     0.793         6
         1       580       187     0.249     0.212    -0.996     0.334     0.943        28     0.216     0.206    -1.013    -0.072     0.997     0.035     0.916         1
         1       915        29     0.070     0.202    -0.975     0.293    -0.956        84     0.227     0.213    -0.999    -0.548    -0.837     0.052     0.640         1
         1       184        57     0.194     0.240    -0.930    -0.543    -0.840       166     0.134     0.223    -0.916    -0.256    -0.967     0.043     0.951         1
         1       706        59     0.068     0.306    -1.131    -0.705     0.710       167     0.101     0.290    -1.141    -0.457     0.889     0.037     0.953         1
         1       329       186     0.066    -1.842     1.939     0.071     0.998       137     0.202    -1.862     1.968     0.438     0.899     0.071     0.928         3
         1       274        51     0.200     0.221    -1.043     0.111    -0.994       145     0.224     0.217    -1.046    -0.519     0.855     0.011    -0.907         1
         1       254        55     0.184     0.216    -0.919    -0.207    -0.978        57     0.206     0.233    -0.940    -0.543    -0.840     0.054     0.934         1
         1       321        28     0.185     0.209    -1.044    -0.072     0.997       114     0.201     0.210    -1.041    -0.059     0.998     0.008     1.000         1
         1       716       114     0.245     0.208    -0.997    -0.059     0.998       176     0.226     0.222    -0.992    -0.907    -0.421     0.031    -0.367         1
         1       453        31     0.195     0.227    -1.051    -0.496     0.868        42     0.180     0.229    -1.058    -0.340     0.940     0.014     0.985         1
         1       902       181     0.248    -0.359     0.009     0.205     0.979        53     0.121    -0.356     0.020    -0.484    -0.875     0.024    -0.956         9
         1       257        43     0.050     2.311    -0.727    -0.979     0.206        92     0.230     2.300    -0.711    -0.498    -0.867     0.038     0.309         7
         1       609       157     0.115     0.210    -1.002     0.215    -0.977       154     0.058     0.204    -1.019    -0.180    -0.984     0.037     0.922         1
         1       253        55     0.244     0.203    -0.978    -0.207    -0.978       179     0.222     0.207    -1.020     0.019     1.000     0.085    -0.982         1
         1       423        29     0.084     0.206    -0.988     0.296    -0.955       108     0.240     0.186    -1.004    -0.397     0.918     0.052    -0.994         1
         1       811        31     0.243     0.203    -1.009    -0.496     0.868       114     0.237     0.208    -1.004    -0.059     0.998     0.013     0.896         1
         1       126        58     0.211     0.209    -1.004     0.998    -0.065        28     0.206     0.207    -1.023    -0.072     0.997     0.038    -0.136         1
         1        87       157     0.116     0.211    -1.003     0.215    -0.977       165     0.222     0.207    -1.019     0.108     0.994     0.033    -0.948         1
         1       305        75     0.205    -1.767    -1.346     0.695     0.719       178     0.124    -1.750    -1.336    -0.676    -0.737     0.039    -1.000        12
         1       164       146     0.218     0.197    -1.017    -0.798    -0.603        71     0.224     0.183    -1.039    -0.094     0.996     0.052    -0.525         1
         1       872       182     0.185     0.197    -1.052     0.441     0.898        29     0.129     0.219    -1.031     0.296    -0.955     0.061    -0.727         1
         1       293        59     0.219     0.200    -1.023    -0.700     0.715        29     0.116     0.216    -1.019     0.296    -0.955     0.033    -0.890         1
         1       926        42     0.231     0.211    -1.010    -0.340     0.940       182     0.242     0.222    -1.001     0.441     0.898     0.028     0.695         1
         1       429       182     0.229     0.217    -1.012     0.441     0.898        42     0.219     0.215    -1.021    -0.340     0.940     0.018     0.695         1
         1       975       187     0.223     0.203    -1.021     0.334     0.943       199     0.243     0.218    -1.004     0.095    -0.996     0.046    -0.907         1
         1        11       154     0.092     0.198    -1.053    -0.181    -0.984       117     0.234     0.209    -1.025     0.183     0.983     0.060    -1.000         1
         1       631       104     0.243     0.206    -0.949    -0.381     0.925       166     0.145     0.220    -0.927    -0.256    -0.967     0.052    -0.796         1
         1       622       170     0.225     0.213    -0.995    -0.892    -0.453       179     0.216     0.207    -1.026     0.019     1.000     0.063    -0.469         1
         1       669       187     0.229     0.205    -1.015     0.334     0.943         3     0.241     0.206    -1.023    -0.999     0.041     0.015    -0.294         1
         1       456       140     0.240     0.210    -1.006    -0.460     0.888       182     0.218     0.212    -1.023     0.441     0.898     0.034     0.595         1
         1       244       187     0.219     0.201    -1.025     0.334     0.943        71     0.217     0.184    -1.046    -0.094     0.996     0.055     0.907         1
         1       594       121     0.208     0.218    -0.913    -0.328    -0.945        84     0.180     0.239    -0.959    -0.548    -0.837     0.100     0.970         1
         1       451       114     0.242     0.208    -0.999    -0.059     0.998        28     0.211     0.207    -1.018    -0.072     0.997     0.036     1.000         1
         1       196       114     0.219     0.209    -1.022    -0.059     0.998       141     0.239     0.173    -1.003     0.998     0.064     0.083     0.006         1
         1       798       165     0.220     0.207    -1.020     0.108     0.994        29     0.092     0.208    -0.996     0.296    -0.955     0.049    -0.917         1
         1       313        42     0.219     0.215    -1.020    -0.340     0.940       176     0.234     0.215    -0.995    -0.907    -0.421     0.049    -0.087         1
         1       718       166     0.213     0.203    -0.993    -0.253    -0.967       121     0.233     0.210    -0.937    -0.328    -0.945     0.112     0.997         1
         1       873        29     0.195     0.239    -1.094     0.299    -0.954        76     0.219     0.232    -1.066    -0.877     0.480     0.058    -0.720         1
         1       502        51     0.232     0.225    -1.075     0.111    -0.994        31     0.203     0.223    -1.043    -0.496     0.868     0.063    -0.918         1
         1       229       157     0.229     0.235    -1.113     0.214    -0.977        29     0.223     0.248    -1.121     0.299    -0.954     0.030     0.996         1
         1       850         2     0.151     1.648     2.334     0.425    -0.905       193     0.199     1.671     2.291    -0.989     0.150     0.097    -0.556         2
         1       936         8     0.247     0.213    -1.001    -0.976    -0.216       170     0.232     0.206    -0.998    -0.892    -0.453     0.014     0.969         1
         1       119        73     0.132     0.160    -1.110     0.465     0.885        71     0.162     0.189    -1.101    -0.099     0.995     0.061     0.835         1
         1        73       163     0.159     0.201    -1.076     0.494     0.869        24     0.139     0.260    -1.102    -0.467     0.884     0.128     0.538         1
         1       703        31     0.198     0.226    -1.048    -0.496     0.868        84     0.240     0.206    -1.009    -0.548    -0.837     0.088    -0.455         1
         1       556       181     0.187    -0.372    -0.051     0.205     0.979        53     0.169    -0.380    -0.022    -0.483    -0.876     0.060    -0.956         9
         1        46       112     0.143    -1.068     1.832    -0.696     0.718       150     0.202    -1.076     1.820     0.572     0.820     0.029     0.190        16
         1       428        73     0.241     0.211    -1.013     0.466     0.885         8     0.241     0.218    -1.000    -0.976    -0.216     0.031    -0.646         1
         1       175       176     0.245     0.206    -1.000    -0.907    -0.421       187     0.240     0.209    -1.005     0.334     0.943     0.011    -0.699         1
         1       702       194     0.202     0.216    -1.021    -1.000    -0.017        84     0.224     0.215    -0.996    -0.548    -0.837     0.050     0.562         1
         1       331       187     0.238     0.208    -1.007     0.334     0.943       170     0.244     0.196    -1.004    -0.892    -0.453     0.025    -0.724         1
         1       422        59     0.225     0.196    -1.019    -0.700     0.715       154     0.049     0.206    -1.010    -0.180    -0.984     0.027    -0.577         1
         1       454       187     0.216     0.201    -1.027     0.334     0.943        73     0.226     0.204    -1.027     0.466     0.885     0.006     0.990         1
         1       152       149     0.250     0.192    -0.997    -1.000     0.013       114     0.246     0.207    -0.996    -0.059     0.998     0.030     0.072         1
         1       619       167     0.231     0.231    -1.025    -0.459     0.888       187     0.227     0.204    -1.017     0.334     0.943     0.056     0.684         1
% end
